Wavenumber (cm-1)	CaF2_mean
1351	2.75672e-05
1352	2.75343e-05
1353	2.74443e-05
1354	2.73791e-05
1355	2.73384e-05
1356	2.73262e-05
1357	2.72461e-05
1358	2.7135e-05
1359	2.70323e-05
1360	2.71504e-05
1361	2.75443e-05
1362	2.79558e-05
1363	2.8187e-05
1364	2.80903e-05
1365	2.76675e-05
1366	2.71733e-05
1367	2.69106e-05
1368	2.70671e-05
1369	2.77336e-05
1370	2.86781e-05
1371	2.94832e-05
1372	2.96587e-05
1373	2.91515e-05
1374	2.8316e-05
1375	2.76482e-05
1376	2.7448e-05
1377	2.75759e-05
1378	2.76152e-05
1379	2.74268e-05
1380	2.71205e-05
1381	2.69952e-05
1382	2.72616e-05
1383	2.77257e-05
1384	2.80745e-05
1385	2.81958e-05
1386	2.80488e-05
1387	2.7803e-05
1388	2.77656e-05
1389	2.79438e-05
1390	2.81287e-05
1391	2.83507e-05
1392	2.8509e-05
1393	2.86172e-05
1394	2.87798e-05
1395	2.89452e-05
1396	2.89694e-05
1397	2.91096e-05
1398	2.93579e-05
1399	2.97522e-05
1400	3.00734e-05
1401	3.02166e-05
1402	3.03101e-05
1403	3.06758e-05
1404	3.11811e-05
1405	3.16724e-05
1406	3.16788e-05
1407	3.10821e-05
1408	3.01554e-05
1409	2.93426e-05
1410	2.89515e-05
1411	2.92698e-05
1412	3.01492e-05
1413	3.12637e-05
1414	3.20788e-05
1415	3.2222e-05
1416	3.18197e-05
1417	3.14165e-05
1418	3.13708e-05
1419	3.17059e-05
1420	3.20069e-05
1421	3.18626e-05
1422	3.13474e-05
1423	3.08583e-05
1424	3.06355e-05
1425	3.06929e-05
1426	3.08424e-05
1427	3.09702e-05
1428	3.12115e-05
1429	3.17894e-05
1430	3.26941e-05
1431	3.35786e-05
1432	3.38338e-05
1433	3.32002e-05
1434	3.18719e-05
1435	3.04571e-05
1436	2.9555e-05
1437	2.93046e-05
1438	2.93528e-05
1439	2.95381e-05
1440	2.98829e-05
1441	3.04068e-05
1442	3.10727e-05
1443	3.15238e-05
1444	3.1416e-05
1445	3.09274e-05
1446	3.04077e-05
1447	3.01053e-05
1448	3.03039e-05
1449	3.09625e-05
1450	3.18731e-05
1451	3.27639e-05
1452	3.30673e-05
1453	3.24773e-05
1454	3.12793e-05
1455	3.00879e-05
1456	2.94635e-05
1457	2.94444e-05
1458	2.96582e-05
1459	2.98157e-05
1460	2.9894e-05
1461	3.01827e-05
1462	3.0803e-05
1463	3.15091e-05
1464	3.22443e-05
1465	3.29254e-05
1466	3.34495e-05
1467	3.37906e-05
1468	3.37031e-05
1469	3.30768e-05
1470	3.22793e-05
1471	3.16252e-05
1472	3.118e-05
1473	3.08099e-05
1474	3.02548e-05
1475	2.95367e-05
1476	2.89047e-05
1477	2.85921e-05
1478	2.85834e-05
1479	2.87252e-05
1480	2.89305e-05
1481	2.91124e-05
1482	2.91472e-05
1483	2.90169e-05
1484	2.86867e-05
1485	2.81823e-05
1486	2.77064e-05
1487	2.73436e-05
1488	2.71596e-05
1489	2.71871e-05
1490	2.72992e-05
1491	2.72309e-05
1492	2.693e-05
1493	2.65662e-05
1494	2.65449e-05
1495	2.70103e-05
1496	2.77089e-05
1497	2.80894e-05
1498	2.80041e-05
1499	2.80084e-05
1500	2.89772e-05
1501	3.10424e-05
1502	3.34383e-05
1503	3.48566e-05
1504	3.4455e-05
1505	3.07112e-05
1506	2.94167e-05
1507	2.89913e-05
1508	2.90429e-05
1509	2.9089e-05
1510	2.90913e-05
1511	2.92173e-05
1512	2.94998e-05
1513	3.00017e-05
1514	3.07226e-05
1515	3.15517e-05
1516	3.22442e-05
1517	3.25872e-05
1518	3.24735e-05
1519	3.2277e-05
1520	3.23734e-05
1521	3.28971e-05
1522	3.3664e-05
1523	3.4526e-05
1524	3.55067e-05
1525	3.68758e-05
1526	3.84221e-05
1527	3.9545e-05
1528	3.95451e-05
1529	3.84657e-05
1530	3.7371e-05
1531	3.74099e-05
1532	3.88712e-05
1533	4.10045e-05
1534	4.23171e-05
1535	4.2181e-05
1536	4.14705e-05
1537	4.09961e-05
1538	4.12645e-05
1539	4.19526e-05
1540	4.19223e-05
1541	4.09105e-05
1542	3.98429e-05
1543	3.91464e-05
1544	3.91687e-05
1545	3.96754e-05
1546	3.98205e-05
1547	3.92105e-05
1548	3.82338e-05
1549	3.71502e-05
1550	3.65838e-05
1551	3.70898e-05
1552	3.84855e-05
1553	3.96213e-05
1554	3.93894e-05
1555	3.7233e-05
1556	3.39407e-05
1557	3.11828e-05
1558	3.00947e-05
1559	3.03618e-05
1560	3.1051e-05
1561	3.14516e-05
1562	3.16234e-05
1563	3.20296e-05
1564	3.26035e-05
1565	3.27499e-05
1566	3.20956e-05
1567	3.09967e-05
1568	3.02849e-05
1569	3.06473e-05
1570	3.17299e-05
1571	3.25347e-05
1572	3.24447e-05
1573	3.16378e-05
1574	3.07286e-05
1575	3.03811e-05
1576	3.06023e-05
1577	3.10754e-05
1578	3.15422e-05
1579	3.19385e-05
1580	3.21557e-05
1581	3.21108e-05
1582	3.17284e-05
1583	3.12327e-05
1584	3.07344e-05
1585	3.0417e-05
1586	3.03056e-05
1587	3.02226e-05
1588	3.01405e-05
1589	3.00933e-05
1590	3.00206e-05
1591	3.00825e-05
1592	3.03284e-05
1593	3.0563e-05
1594	3.07896e-05
1595	3.0853e-05
1596	3.07218e-05
1597	3.05856e-05
1598	3.05749e-05
1599	3.08065e-05
1600	3.13636e-05
1601	3.20319e-05
1602	3.25253e-05
1603	3.26614e-05
1604	3.24532e-05
1605	3.21086e-05
1606	3.16023e-05
1607	3.09915e-05
1608	3.0413e-05
1609	3.0118e-05
1610	3.04621e-05
1611	3.13691e-05
1612	3.20516e-05
1613	3.21806e-05
1614	3.18965e-05
1615	3.16376e-05
1616	3.20836e-05
1617	3.31817e-05
1618	3.41447e-05
1619	3.46804e-05
1620	3.48773e-05
1621	3.50122e-05
1622	3.55086e-05
1623	3.59543e-05
1624	3.57871e-05
1625	3.48721e-05
1626	3.36377e-05
1627	3.27899e-05
1628	3.28491e-05
1629	3.3416e-05
1630	3.39682e-05
1631	3.38271e-05
1632	3.31087e-05
1633	3.23757e-05
1634	3.20885e-05
1635	3.23081e-05
1636	3.26781e-05
1637	3.26273e-05
1638	3.24178e-05
1639	3.26085e-05
1640	3.33723e-05
1641	3.44215e-05
1642	3.46374e-05
1643	3.33764e-05
1644	3.11233e-05
1645	2.90605e-05
1646	2.80945e-05
1647	2.84636e-05
1648	2.91731e-05
1649	2.95225e-05
1650	2.93468e-05
1651	2.9041e-05
1652	2.9051e-05
1653	2.95947e-05
1654	3.02071e-05
1655	3.05865e-05
1656	3.05814e-05
1657	3.0096e-05
1658	2.94701e-05
1659	2.86933e-05
