Wavenumber	BacVan30_1	BacVan30_2	BacVan30_3	BacVan30_4	BacVan30_5	BacVan30_6	Control30_1	Control30_2	Control30_3	Control30_4	Control30_5	Control30_6
786	0.120162	0.0676068	0.116899	0.069163	0.118878	0.0784352	0.0826936	0.100709	0.139877	-0.0544447	0.0455428	0.0723999
788	0.13401	0.0989601	0.107151	0.0725428	0.0810402	0.00523283	0.137907	0.0726379	0.17007	0.0103399	0.0826193	0.10843
790	0.167601	0.177352	0.096739	0.0912629	0.0626143	0.0543431	0.129712	0.0304463	0.153901	0.0408316	0.014102	0.0453037
792	0.183146	0.227073	0.109068	0.0958616	0.0808784	0.118773	0.165566	0.0899144	0.179427	0.0360878	0.0847937	0.0761448
794	0.197419	0.216677	0.171331	0.0917977	0.105827	0.143515	0.145296	0.130884	0.216978	0.014113	0.143357	0.113343
796	0.143037	0.208254	0.16547	0.118751	0.119349	0.219678	0.131724	0.152192	0.250192	0.0462073	0.152065	0.108013
798	0.125619	0.231313	0.148186	0.0986368	0.124594	0.172609	0.140023	0.170788	0.23956	0.0304995	0.115896	0.0917173
800	0.152592	0.220456	0.148425	0.0866446	0.0782367	0.127698	0.137182	0.17826	0.225639	0.0825083	0.133831	0.0821143
802	0.179169	0.193192	0.154456	0.120841	0.0565706	0.117697	0.158889	0.167236	0.210445	0.0958176	0.123354	0.133865
804	0.161466	0.188792	0.147847	0.138635	0.0668393	0.117342	0.196634	0.180605	0.222933	0.0778149	0.133454	0.162059
806	0.153145	0.188668	0.158562	0.105822	0.0867609	0.115319	0.210155	0.158764	0.232057	0.100053	0.131354	0.136223
808	0.171095	0.165292	0.144108	0.121019	0.107137	0.120944	0.207704	0.179054	0.235067	0.0799489	0.146132	0.119766
810	0.208027	0.178113	0.154536	0.12475	0.121807	0.151551	0.196428	0.209961	0.228682	0.0855124	0.118612	0.116973
812	0.183832	0.204536	0.174317	0.102403	0.103377	0.152817	0.193677	0.208933	0.218805	0.0717674	0.117021	0.0970477
814	0.166512	0.204796	0.180774	0.108625	0.0864024	0.170062	0.211247	0.175916	0.220332	0.11379	0.129959	0.126869
816	0.181953	0.208752	0.183626	0.126852	0.102662	0.154352	0.190503	0.160436	0.205824	0.12994	0.125062	0.116383
818	0.20129	0.227104	0.172819	0.115703	0.101541	0.127727	0.184258	0.16244	0.224627	0.0993235	0.111973	0.0951732
820	0.194077	0.23372	0.172902	0.119153	0.120047	0.13334	0.165639	0.157194	0.232317	0.0956749	0.12858	0.115331
822	0.176834	0.23769	0.175102	0.100891	0.119934	0.118829	0.169715	0.175641	0.204306	0.0940566	0.124525	0.138991
824	0.159067	0.228179	0.165719	0.0652658	0.0910191	0.11616	0.155725	0.174062	0.2096	0.112996	0.113317	0.150366
826	0.170434	0.233788	0.159326	0.0900885	0.0939543	0.127258	0.18384	0.170672	0.197231	0.11245	0.0914554	0.142888
828	0.164789	0.245574	0.167799	0.0978404	0.0980843	0.127284	0.209486	0.158521	0.213701	0.0942929	0.0956694	0.141778
830	0.165753	0.241475	0.171876	0.100675	0.103009	0.121055	0.216359	0.157906	0.230331	0.0861551	0.117432	0.150402
832	0.172465	0.237745	0.179059	0.10075	0.110344	0.118466	0.201069	0.15831	0.220578	0.097214	0.133272	0.151953
834	0.180829	0.240265	0.17784	0.0903034	0.119607	0.139504	0.214906	0.155908	0.222802	0.102417	0.133339	0.131663
836	0.187285	0.223363	0.176574	0.0965039	0.0991091	0.140812	0.231414	0.15235	0.231689	0.111557	0.113357	0.127272
838	0.184464	0.214974	0.178458	0.096177	0.0955286	0.136648	0.239636	0.169282	0.22625	0.107741	0.107153	0.166482
840	0.172058	0.222888	0.170147	0.0975155	0.11546	0.143969	0.234463	0.171927	0.217186	0.126616	0.114978	0.174863
842	0.17563	0.245662	0.188135	0.104811	0.121594	0.14808	0.215571	0.188411	0.225951	0.12862	0.157776	0.167782
844	0.197102	0.239591	0.210496	0.105476	0.126678	0.143709	0.2283	0.201036	0.246077	0.108712	0.157184	0.173263
846	0.205195	0.24131	0.212599	0.112585	0.128736	0.153043	0.241373	0.198385	0.251907	0.111206	0.136203	0.17936
848	0.200991	0.232689	0.219351	0.115004	0.124891	0.16166	0.245823	0.194825	0.24801	0.14021	0.145523	0.185359
850	0.205567	0.255606	0.216068	0.121421	0.139368	0.157154	0.26784	0.2066	0.259007	0.15282	0.144234	0.193153
852	0.216845	0.267304	0.220949	0.134852	0.148579	0.157049	0.271012	0.213763	0.258819	0.157982	0.167712	0.184575
854	0.226459	0.28501	0.221484	0.131079	0.151773	0.176157	0.263304	0.223585	0.265491	0.140565	0.17499	0.194412
856	0.223356	0.284975	0.223403	0.116629	0.137688	0.179966	0.265595	0.210159	0.259403	0.134222	0.168599	0.186053
858	0.212901	0.278663	0.219186	0.117167	0.129303	0.176914	0.257851	0.212732	0.260567	0.133401	0.163167	0.184737
860	0.216762	0.277146	0.22867	0.12769	0.146738	0.177797	0.247086	0.218353	0.254616	0.146736	0.168155	0.186923
862	0.218526	0.288678	0.229966	0.130996	0.147929	0.192088	0.245167	0.211317	0.251535	0.152156	0.141843	0.19048
864	0.207163	0.28479	0.214506	0.122984	0.143404	0.176871	0.251277	0.198544	0.255139	0.144742	0.140479	0.179784
866	0.221765	0.267898	0.216942	0.123495	0.133339	0.171551	0.260081	0.192437	0.259276	0.14368	0.144836	0.178274
868	0.230136	0.270891	0.213487	0.127275	0.121605	0.173914	0.235845	0.199669	0.254604	0.146496	0.159754	0.175297
870	0.213557	0.277078	0.214588	0.121681	0.119228	0.166242	0.216382	0.201339	0.246296	0.133852	0.154332	0.174821
872	0.20039	0.272107	0.216785	0.103131	0.115463	0.172029	0.225007	0.205043	0.251766	0.136905	0.143533	0.163557
874	0.205049	0.263739	0.206459	0.111764	0.123372	0.170127	0.228484	0.18692	0.248008	0.157339	0.149885	0.163387
876	0.215423	0.263959	0.208448	0.1171	0.128639	0.14869	0.221691	0.167121	0.246003	0.147958	0.135614	0.165936
878	0.216807	0.242223	0.21505	0.108835	0.110127	0.136266	0.205716	0.160275	0.230934	0.128259	0.126193	0.150582
880	0.205461	0.251741	0.195663	0.102673	0.101459	0.140592	0.20615	0.16025	0.22913	0.119609	0.131076	0.155031
882	0.190688	0.254548	0.184672	0.105118	0.0849845	0.145441	0.214915	0.163565	0.225084	0.119848	0.124668	0.16412
884	0.19253	0.237764	0.198459	0.102508	0.0877072	0.131894	0.218299	0.168423	0.224693	0.1141	0.123143	0.1648
886	0.191102	0.231987	0.191312	0.106888	0.0926805	0.114972	0.197815	0.165376	0.201175	0.115925	0.130854	0.161349
888	0.191074	0.227717	0.181077	0.102855	0.103144	0.116888	0.188933	0.161536	0.177393	0.122148	0.126401	0.151543
890	0.178136	0.219448	0.184104	0.0902611	0.107369	0.124162	0.191336	0.149656	0.172625	0.102811	0.109073	0.141455
892	0.172092	0.230467	0.174763	0.0848094	0.10519	0.132562	0.187991	0.14208	0.172666	0.0965969	0.112689	0.133192
894	0.171816	0.233892	0.17207	0.0846431	0.0972289	0.139807	0.189884	0.134616	0.186989	0.105112	0.107676	0.128372
896	0.170831	0.220029	0.185784	0.0815907	0.09571	0.133492	0.197817	0.13441	0.19005	0.113504	0.0994984	0.123168
898	0.165931	0.220138	0.194318	0.0837712	0.0952313	0.129434	0.177395	0.137858	0.173035	0.102112	0.0965357	0.120551
900	0.164844	0.224531	0.184206	0.0917657	0.0951967	0.130388	0.174733	0.13624	0.181505	0.0978415	0.0995305	0.134669
902	0.164344	0.229483	0.175421	0.0873223	0.0930719	0.130781	0.196128	0.142882	0.182737	0.101155	0.11232	0.138582
904	0.17464	0.221545	0.17833	0.0859921	0.0926942	0.139548	0.205097	0.155968	0.193065	0.10424	0.123209	0.13241
906	0.185024	0.224643	0.181282	0.0994745	0.107756	0.144595	0.201447	0.15289	0.201103	0.111369	0.130226	0.142748
908	0.189579	0.235644	0.189722	0.105566	0.125387	0.14729	0.206226	0.160788	0.203872	0.1248	0.148406	0.158217
910	0.192037	0.241837	0.20695	0.104745	0.120072	0.147919	0.220247	0.163422	0.202257	0.123832	0.146206	0.153669
912	0.195247	0.240228	0.208	0.10028	0.122204	0.143975	0.225399	0.16666	0.212827	0.123041	0.136258	0.155782
914	0.201561	0.241004	0.212658	0.099403	0.132854	0.149704	0.210261	0.174193	0.221969	0.121372	0.130689	0.148341
916	0.197963	0.236307	0.21498	0.10349	0.133434	0.164098	0.208338	0.174464	0.215254	0.121255	0.12736	0.146322
918	0.194784	0.245345	0.223017	0.108534	0.129347	0.160744	0.215222	0.171758	0.212902	0.110893	0.1292	0.152772
920	0.196884	0.2418	0.219453	0.11147	0.123995	0.156194	0.208156	0.164245	0.2166	0.102642	0.123752	0.165774
922	0.19569	0.239354	0.211146	0.10779	0.121166	0.149799	0.203772	0.164113	0.211295	0.107771	0.111537	0.166085
924	0.191685	0.241042	0.20759	0.0997465	0.114779	0.151672	0.19911	0.150588	0.208725	0.103726	0.111908	0.151592
926	0.186407	0.242955	0.20601	0.096188	0.112055	0.149471	0.207132	0.137717	0.207	0.104623	0.12647	0.146691
928	0.19404	0.23213	0.20676	0.0988598	0.118648	0.1525	0.208911	0.147949	0.205927	0.108127	0.136269	0.153191
930	0.194475	0.222877	0.204022	0.104515	0.122457	0.160694	0.20683	0.151403	0.203217	0.108612	0.13778	0.15492
932	0.185802	0.220416	0.194662	0.0986422	0.112263	0.155986	0.197384	0.143201	0.203567	0.118215	0.135067	0.151662
934	0.174522	0.213844	0.19387	0.0898645	0.121679	0.154893	0.20191	0.158833	0.210071	0.120346	0.129445	0.138506
936	0.168747	0.213403	0.195808	0.094239	0.117395	0.155942	0.1949	0.166862	0.199706	0.11224	0.125324	0.122634
938	0.163434	0.210037	0.194729	0.0980884	0.118956	0.152706	0.200005	0.16389	0.201113	0.107853	0.1151	0.126856
940	0.166308	0.212126	0.193139	0.0955857	0.110649	0.144447	0.204002	0.163453	0.205158	0.106638	0.129909	0.130521
942	0.173511	0.210527	0.191473	0.0934232	0.103272	0.130706	0.201844	0.162483	0.203643	0.112668	0.139922	0.131974
944	0.174898	0.214154	0.188598	0.0880036	0.10402	0.139915	0.195444	0.162284	0.199995	0.118413	0.136071	0.137885
946	0.180522	0.221416	0.189518	0.0901813	0.111386	0.149846	0.198338	0.165061	0.204074	0.119867	0.139128	0.141799
948	0.181033	0.229986	0.198526	0.10116	0.118404	0.155434	0.203376	0.167449	0.213575	0.125022	0.147638	0.151594
950	0.184371	0.232395	0.206611	0.107538	0.11943	0.150237	0.211087	0.167905	0.21562	0.136571	0.150425	0.159874
952	0.192736	0.240224	0.210776	0.114634	0.117952	0.152815	0.218838	0.17684	0.218304	0.128597	0.142618	0.159718
954	0.201276	0.251638	0.20951	0.120854	0.123943	0.157045	0.229777	0.183333	0.230071	0.124867	0.143792	0.17013
956	0.199205	0.26009	0.20906	0.117244	0.127602	0.161564	0.238102	0.1872	0.242565	0.132173	0.151535	0.178262
958	0.196282	0.268601	0.223811	0.117333	0.127244	0.164666	0.237049	0.187686	0.254081	0.140114	0.155713	0.190328
960	0.20034	0.269962	0.229169	0.113768	0.134462	0.165526	0.237298	0.181301	0.25421	0.134242	0.163868	0.192951
962	0.209905	0.267346	0.227768	0.112837	0.131496	0.168762	0.235913	0.177301	0.256798	0.12714	0.162639	0.183408
964	0.205993	0.27313	0.223183	0.114467	0.121458	0.163309	0.236828	0.175232	0.247474	0.12344	0.162604	0.179519
966	0.204902	0.278468	0.216382	0.115731	0.116877	0.162373	0.234015	0.172971	0.243974	0.125395	0.168771	0.178091
968	0.20802	0.276929	0.215071	0.112643	0.116185	0.158244	0.246118	0.184199	0.237478	0.119389	0.156831	0.169187
970	0.207559	0.268761	0.215658	0.107365	0.121549	0.155352	0.238057	0.183506	0.240695	0.122905	0.157344	0.167737
972	0.201871	0.262432	0.208904	0.11346	0.124051	0.156054	0.232875	0.185144	0.235825	0.119733	0.162073	0.162282
974	0.194911	0.263207	0.203192	0.118107	0.120998	0.156255	0.227005	0.182708	0.230298	0.119254	0.155989	0.165997
976	0.19279	0.266877	0.200109	0.111529	0.126883	0.152259	0.231778	0.181936	0.228445	0.123582	0.142667	0.172989
978	0.209013	0.274804	0.215139	0.118349	0.13529	0.164184	0.246841	0.191419	0.239073	0.135631	0.158349	0.182829
980	0.220094	0.280219	0.225405	0.123007	0.141031	0.172329	0.25713	0.197896	0.246331	0.143861	0.16906	0.18955
982	0.228143	0.284152	0.232862	0.12639	0.145202	0.178246	0.264603	0.202601	0.251604	0.149839	0.17684	0.194432
984	0.233425	0.287326	0.236668	0.131007	0.148903	0.186046	0.267133	0.207622	0.260148	0.154108	0.177168	0.198499
986	0.243977	0.296125	0.243902	0.138902	0.155447	0.194353	0.278977	0.215747	0.269676	0.160388	0.18518	0.207872
988	0.256718	0.31133	0.255294	0.144311	0.162402	0.199801	0.299658	0.227903	0.281316	0.170972	0.196559	0.216929
990	0.26292	0.324885	0.269308	0.148751	0.165278	0.206227	0.314408	0.240299	0.292885	0.178414	0.204522	0.231406
992	0.26708	0.328094	0.27726	0.152901	0.172172	0.21251	0.32271	0.246026	0.302546	0.18689	0.215424	0.239239
994	0.274329	0.336131	0.285017	0.154222	0.170106	0.218261	0.327197	0.252031	0.307967	0.18995	0.220816	0.243451
996	0.280509	0.347133	0.287915	0.152638	0.171121	0.222828	0.330007	0.253453	0.310329	0.187913	0.225563	0.243062
998	0.285281	0.355875	0.286813	0.16017	0.175386	0.226218	0.337711	0.257392	0.313852	0.194653	0.228994	0.246847
1000	0.28697	0.366764	0.287394	0.164515	0.177097	0.227982	0.345446	0.260509	0.319205	0.197976	0.229231	0.254035
1002	0.290028	0.371265	0.293241	0.163972	0.176273	0.228611	0.353212	0.260456	0.330998	0.198856	0.232276	0.259596
1004	0.294286	0.378724	0.298489	0.166604	0.178455	0.233321	0.36425	0.262466	0.340833	0.206375	0.233163	0.264915
1006	0.303021	0.388981	0.3096	0.171319	0.184177	0.240735	0.376139	0.269249	0.352733	0.211298	0.238577	0.271768
1008	0.309529	0.401121	0.317929	0.178123	0.188602	0.249279	0.384116	0.277579	0.36152	0.215833	0.248884	0.280947
1010	0.322542	0.41232	0.324521	0.182262	0.191647	0.257353	0.397048	0.290041	0.371505	0.226781	0.264864	0.291947
1012	0.331606	0.427371	0.331145	0.188414	0.201196	0.263357	0.408337	0.298901	0.384854	0.23395	0.274353	0.300503
1014	0.34152	0.443609	0.34475	0.194415	0.208449	0.271013	0.424601	0.3069	0.400145	0.242947	0.279427	0.318268
1016	0.349724	0.460974	0.359097	0.200681	0.217855	0.282784	0.446422	0.313768	0.415756	0.254631	0.290043	0.329723
1018	0.367154	0.479639	0.376619	0.208168	0.22665	0.292577	0.464761	0.328078	0.430994	0.26642	0.302897	0.338728
1020	0.383419	0.50294	0.39179	0.215854	0.236749	0.308742	0.481898	0.343673	0.445203	0.274781	0.312211	0.349442
1022	0.40186	0.524373	0.409264	0.223863	0.242843	0.3198	0.506334	0.357511	0.464079	0.285404	0.324546	0.368132
1024	0.417965	0.544328	0.430682	0.235762	0.254492	0.330713	0.52676	0.373215	0.479732	0.295324	0.338778	0.380675
1026	0.436095	0.564417	0.446348	0.252151	0.268292	0.346098	0.543715	0.389021	0.498077	0.306755	0.346661	0.395798
1028	0.45794	0.587323	0.461371	0.263191	0.277353	0.363386	0.564647	0.403353	0.517753	0.316222	0.366728	0.408342
1030	0.476534	0.611552	0.479491	0.271946	0.286544	0.381573	0.587342	0.418555	0.538216	0.33353	0.382151	0.430132
1032	0.492043	0.63766	0.498258	0.282304	0.299283	0.393133	0.607315	0.434799	0.562776	0.351366	0.39707	0.452417
1034	0.510467	0.659115	0.519664	0.293905	0.316443	0.406204	0.637005	0.453839	0.59112	0.363391	0.412366	0.469685
1036	0.531319	0.680981	0.541438	0.303364	0.329726	0.421851	0.66147	0.469381	0.612656	0.374758	0.426781	0.485922
1038	0.547257	0.707725	0.555835	0.315174	0.341897	0.438498	0.680877	0.484143	0.628482	0.386557	0.440724	0.497705
1040	0.557017	0.730604	0.571555	0.325409	0.350989	0.450211	0.700356	0.495137	0.644098	0.397779	0.448929	0.509803
1042	0.56552	0.745554	0.58053	0.335917	0.354881	0.459845	0.720646	0.51061	0.658083	0.405117	0.457861	0.51957
1044	0.581861	0.758697	0.591935	0.342199	0.36598	0.474744	0.731732	0.522699	0.674929	0.410761	0.465739	0.530013
1046	0.597131	0.769659	0.606436	0.348922	0.37718	0.486268	0.745386	0.531506	0.687866	0.416408	0.471204	0.546161
1048	0.606908	0.783753	0.615373	0.352952	0.385391	0.494201	0.762811	0.538962	0.699708	0.421022	0.482933	0.563839
1050	0.617591	0.804004	0.621471	0.357247	0.388253	0.501664	0.776569	0.550363	0.714606	0.429081	0.498881	0.56534
1052	0.629319	0.816327	0.631212	0.366191	0.393976	0.509434	0.785499	0.562681	0.730579	0.438137	0.502984	0.572118
1054	0.643429	0.824946	0.639595	0.373107	0.406494	0.519925	0.796264	0.575745	0.745546	0.447015	0.506179	0.582103
1056	0.654613	0.838397	0.650301	0.378211	0.416625	0.533597	0.810906	0.583717	0.758688	0.452271	0.516017	0.594705
1058	0.654707	0.849903	0.660992	0.385176	0.420057	0.540006	0.821227	0.59195	0.765556	0.456242	0.524341	0.605014
1060	0.658513	0.859094	0.670351	0.392884	0.421867	0.541777	0.829629	0.603793	0.772011	0.462948	0.532829	0.610506
1062	0.669767	0.866479	0.674586	0.396386	0.427528	0.542852	0.832487	0.610981	0.77953	0.467463	0.535203	0.61524
1064	0.671688	0.871331	0.678228	0.396591	0.431271	0.545085	0.83619	0.611647	0.786019	0.468129	0.540341	0.617554
1066	0.66867	0.870955	0.678619	0.396185	0.431901	0.549667	0.842961	0.608896	0.787863	0.465685	0.545088	0.616274
1068	0.671763	0.872741	0.67729	0.394515	0.425694	0.552784	0.844278	0.609063	0.786838	0.46247	0.543786	0.612071
1070	0.677839	0.878335	0.676765	0.395352	0.429504	0.553157	0.842889	0.611236	0.788631	0.462404	0.550579	0.618347
1072	0.680744	0.882034	0.678472	0.399774	0.43709	0.554793	0.843866	0.611705	0.793258	0.461845	0.54785	0.624481
1074	0.681269	0.883383	0.680449	0.404368	0.43551	0.55538	0.847115	0.617303	0.795424	0.463274	0.551732	0.620417
1076	0.684846	0.883191	0.683073	0.405958	0.435549	0.560209	0.851899	0.625722	0.798281	0.469366	0.55601	0.619859
1078	0.689256	0.884734	0.688847	0.409454	0.44057	0.566405	0.850642	0.628549	0.800083	0.475126	0.558036	0.624941
1080	0.689579	0.886501	0.691768	0.409548	0.445257	0.568144	0.848254	0.632384	0.803698	0.474892	0.560052	0.624437
1082	0.683205	0.8857	0.689222	0.407191	0.449317	0.568447	0.847274	0.632727	0.801912	0.474266	0.557911	0.62525
1084	0.679299	0.877954	0.689998	0.40786	0.449969	0.568831	0.842878	0.630873	0.796076	0.474373	0.555506	0.622626
1086	0.680871	0.872121	0.684387	0.408766	0.444656	0.569124	0.836581	0.627986	0.788117	0.471284	0.554144	0.613176
1088	0.677856	0.86818	0.676415	0.406318	0.442467	0.563955	0.829999	0.619894	0.781335	0.465828	0.550367	0.608313
1090	0.668862	0.866666	0.671639	0.39833	0.441404	0.555974	0.817933	0.610593	0.771904	0.457132	0.546293	0.606643
1092	0.658775	0.858438	0.662242	0.390411	0.434717	0.546696	0.804905	0.601067	0.759758	0.447006	0.539706	0.589288
1094	0.657823	0.846695	0.654258	0.385083	0.426189	0.540664	0.796821	0.592556	0.748837	0.44008	0.532344	0.577876
1096	0.660612	0.83853	0.651683	0.38432	0.423192	0.539089	0.789694	0.584381	0.74294	0.436319	0.526207	0.575938
1098	0.658179	0.837652	0.651488	0.382843	0.426931	0.540102	0.783621	0.579002	0.735968	0.430896	0.520013	0.573622
1100	0.653353	0.846626	0.653416	0.380694	0.425958	0.541807	0.774209	0.577353	0.728739	0.424319	0.519812	0.571213
1102	0.655888	0.855265	0.652937	0.380356	0.426435	0.541656	0.764971	0.571942	0.722625	0.422087	0.51693	0.564654
1104	0.661355	0.85477	0.65292	0.380827	0.427476	0.541102	0.754253	0.563205	0.714887	0.424033	0.512018	0.556458
1106	0.664116	0.850615	0.652148	0.382037	0.428925	0.542606	0.746861	0.556256	0.707311	0.420282	0.508575	0.550375
1108	0.65978	0.846481	0.651608	0.379306	0.427868	0.541651	0.736322	0.548818	0.696779	0.412675	0.504602	0.539967
1110	0.657021	0.848996	0.652868	0.376553	0.423923	0.540336	0.724998	0.538428	0.687103	0.406094	0.496069	0.5291
1112	0.656122	0.846904	0.648929	0.370281	0.41726	0.539354	0.714904	0.528961	0.676844	0.397247	0.491718	0.52121
1114	0.649685	0.836818	0.642661	0.365046	0.416025	0.534167	0.70384	0.522726	0.666453	0.389363	0.483108	0.511802
1116	0.634723	0.814274	0.628427	0.357875	0.412044	0.523118	0.690032	0.513914	0.65289	0.380701	0.468413	0.498267
1118	0.614767	0.790184	0.611272	0.345565	0.398967	0.509054	0.670022	0.497233	0.634853	0.370108	0.459068	0.486667
1120	0.599586	0.770701	0.595203	0.333199	0.384761	0.495426	0.648631	0.482146	0.616666	0.361014	0.444178	0.475081
1122	0.58298	0.751101	0.577994	0.321866	0.373247	0.479972	0.629491	0.466815	0.594526	0.349507	0.428913	0.459789
1124	0.559224	0.725197	0.557719	0.309759	0.362505	0.46437	0.608092	0.451771	0.573092	0.333207	0.417374	0.440639
1126	0.534319	0.693186	0.536461	0.296856	0.344671	0.444366	0.583491	0.433629	0.548184	0.31856	0.401964	0.421803
1128	0.514678	0.663335	0.512986	0.284645	0.324614	0.424073	0.557952	0.414877	0.526787	0.306287	0.386365	0.399196
1130	0.495932	0.637343	0.49068	0.269799	0.309106	0.405939	0.53413	0.398743	0.509022	0.296928	0.369543	0.378352
1132	0.476003	0.616158	0.47074	0.258094	0.296659	0.384443	0.515496	0.382086	0.490373	0.282095	0.360702	0.363728
1134	0.452528	0.589341	0.450873	0.245985	0.285472	0.364112	0.498051	0.366089	0.471095	0.271525	0.346928	0.350692
1136	0.436758	0.56251	0.432327	0.233209	0.272909	0.350463	0.479275	0.353607	0.452198	0.263862	0.33051	0.339324
1138	0.420705	0.53939	0.41665	0.230264	0.258584	0.340606	0.464018	0.340311	0.435699	0.25331	0.31955	0.331672
1140	0.404646	0.529685	0.405984	0.229673	0.252829	0.333906	0.451574	0.327776	0.423607	0.239787	0.312849	0.323719
1142	0.392099	0.518431	0.395574	0.221863	0.248175	0.323021	0.442802	0.318852	0.416187	0.232795	0.304053	0.310872
1144	0.381838	0.50453	0.384333	0.214043	0.242581	0.313035	0.434563	0.311278	0.408852	0.229187	0.299406	0.305259
1146	0.381321	0.489062	0.3772	0.208298	0.23531	0.302436	0.424997	0.302135	0.397948	0.227751	0.292383	0.299037
1148	0.37438	0.477051	0.365712	0.202932	0.225455	0.29184	0.41844	0.298004	0.389939	0.228355	0.282476	0.29174
1150	0.362019	0.469568	0.360299	0.201888	0.221533	0.293936	0.4132	0.296402	0.387351	0.2247	0.275509	0.287469
1152	0.359411	0.465953	0.356759	0.198692	0.216364	0.287617	0.406967	0.295091	0.385975	0.216453	0.272943	0.286858
1154	0.356301	0.460067	0.35128	0.196211	0.216422	0.279492	0.397767	0.290212	0.378308	0.214202	0.265064	0.286739
1156	0.349458	0.448324	0.345129	0.192296	0.214911	0.272394	0.390805	0.282695	0.37697	0.215416	0.260394	0.287151
1158	0.341161	0.437044	0.339219	0.189095	0.209167	0.269092	0.390497	0.279525	0.372012	0.205602	0.256836	0.284861
1160	0.333272	0.428009	0.32662	0.192544	0.201689	0.268768	0.380929	0.275278	0.362171	0.196517	0.255794	0.277595
1162	0.329558	0.415404	0.317345	0.191239	0.204078	0.26457	0.372075	0.273227	0.356838	0.201381	0.255082	0.274603
1164	0.326479	0.409233	0.313694	0.184439	0.200587	0.257898	0.369826	0.267296	0.352401	0.202233	0.244474	0.274187
1166	0.318579	0.405122	0.315842	0.185329	0.197596	0.254915	0.368825	0.264577	0.353237	0.19074	0.245501	0.270308
1168	0.313445	0.40611	0.318962	0.187561	0.195962	0.250991	0.373191	0.265347	0.354987	0.185127	0.249881	0.263118
1170	0.31548	0.413509	0.315529	0.187251	0.193014	0.25032	0.374455	0.266699	0.356244	0.187368	0.250621	0.262262
1172	0.317762	0.411731	0.313994	0.185876	0.191754	0.247199	0.36871	0.267283	0.353056	0.191319	0.248305	0.264069
1174	0.310726	0.410741	0.31172	0.186927	0.194243	0.247186	0.369881	0.263808	0.345786	0.198981	0.239987	0.261611
1176	0.304739	0.401706	0.314712	0.189963	0.198053	0.242883	0.35953	0.254234	0.346674	0.19928	0.239908	0.255618
1178	0.307144	0.394445	0.312096	0.182784	0.192143	0.243099	0.352811	0.252009	0.340774	0.188002	0.240096	0.257472
1180	0.308323	0.396187	0.310887	0.180925	0.186715	0.245271	0.349254	0.258386	0.341642	0.18774	0.239493	0.256429
1182	0.311975	0.396351	0.306494	0.180599	0.193678	0.243277	0.353349	0.262642	0.351768	0.194868	0.248731	0.256316
1184	0.309567	0.394268	0.303563	0.187044	0.198242	0.240619	0.358861	0.257472	0.355804	0.192903	0.248983	0.262448
1186	0.309861	0.399086	0.313537	0.191031	0.188795	0.242833	0.356141	0.250316	0.347593	0.186126	0.246497	0.263506
1188	0.319452	0.412683	0.313848	0.188109	0.187228	0.246968	0.367706	0.261531	0.346428	0.187135	0.24001	0.279262
1190	0.337951	0.421494	0.323045	0.193905	0.193396	0.256323	0.381769	0.261402	0.363886	0.196446	0.248586	0.288266
1192	0.342839	0.434182	0.335392	0.193494	0.199226	0.260363	0.393487	0.262903	0.375592	0.206982	0.258736	0.293163
1194	0.34691	0.44637	0.343145	0.196942	0.200168	0.272507	0.397861	0.275228	0.383787	0.212496	0.262205	0.301403
1196	0.358836	0.457907	0.358416	0.200512	0.203556	0.284785	0.414972	0.293476	0.394458	0.218127	0.274932	0.305072
1198	0.352588	0.462003	0.352215	0.199204	0.200418	0.272879	0.412576	0.280783	0.390407	0.213201	0.267717	0.301242
1200	0.343895	0.467702	0.343589	0.197383	0.196052	0.256315	0.409241	0.263125	0.384771	0.206348	0.257681	0.295914
1202	0.330974	0.476172	0.330766	0.194676	0.189562	0.231694	0.404285	0.236877	0.376393	0.196162	0.242762	0.287994
1204	0.336111	0.500907	0.348355	0.205042	0.192464	0.22306	0.408991	0.259757	0.383914	0.218626	0.264662	0.296388
1206	0.343156	0.524125	0.365499	0.204239	0.206846	0.256438	0.433673	0.279241	0.400242	0.22615	0.294779	0.321253
1208	0.376386	0.54124	0.390993	0.224041	0.217833	0.278564	0.449617	0.287811	0.411729	0.218904	0.295213	0.331316
1210	0.421667	0.569464	0.405976	0.236768	0.231666	0.296846	0.462377	0.314702	0.428452	0.221602	0.288809	0.350832
1212	0.433871	0.599555	0.406139	0.251033	0.245986	0.310127	0.50412	0.322418	0.470122	0.231605	0.301471	0.388131
1214	0.440673	0.615086	0.424587	0.255092	0.27602	0.328209	0.509766	0.344669	0.484601	0.250915	0.311887	0.381189
1216	0.450327	0.628463	0.438324	0.246134	0.296776	0.351253	0.531464	0.363788	0.496304	0.25427	0.332211	0.375891
1218	0.483024	0.657277	0.46237	0.262705	0.293867	0.366062	0.544708	0.362888	0.499031	0.272603	0.328104	0.390855
1220	0.490104	0.685874	0.47248	0.27837	0.286321	0.392416	0.554368	0.377468	0.502115	0.293421	0.329794	0.392918
1222	0.499806	0.696545	0.488633	0.283478	0.300557	0.407866	0.569307	0.389232	0.513889	0.289045	0.347811	0.402958
1224	0.499874	0.700332	0.499817	0.2835	0.307574	0.400651	0.567883	0.383323	0.543586	0.290152	0.363632	0.415692
1226	0.505799	0.718256	0.510827	0.283586	0.30653	0.403113	0.580358	0.371576	0.554482	0.296611	0.384373	0.420993
1228	0.52291	0.754523	0.507844	0.291593	0.310646	0.399714	0.605734	0.39872	0.553259	0.308033	0.386594	0.442559
1230	0.51867	0.772409	0.507891	0.293448	0.319515	0.408352	0.612556	0.409627	0.559075	0.302678	0.384956	0.471833
1232	0.528367	0.766388	0.513683	0.293437	0.322083	0.421183	0.626357	0.403699	0.571289	0.295382	0.402051	0.460164
1234	0.530046	0.763292	0.525727	0.293241	0.32271	0.406723	0.625092	0.414176	0.590939	0.291828	0.398372	0.454475
1236	0.528868	0.778788	0.542296	0.300749	0.345471	0.418701	0.630936	0.430121	0.611657	0.283554	0.414222	0.460746
1238	0.53485	0.790047	0.546718	0.318812	0.360201	0.43344	0.632581	0.431771	0.617418	0.29164	0.417246	0.460133
1240	0.527543	0.785333	0.546538	0.319708	0.352874	0.441726	0.626324	0.441088	0.618351	0.297671	0.411654	0.460347
1242	0.543579	0.782434	0.558256	0.309545	0.349162	0.443276	0.608679	0.435849	0.602576	0.308204	0.395524	0.459485
1244	0.552158	0.781313	0.560286	0.312978	0.34692	0.434137	0.606621	0.436025	0.596363	0.308671	0.396574	0.467276
1246	0.54922	0.787394	0.552731	0.320765	0.350149	0.432498	0.619414	0.440756	0.593575	0.311473	0.404346	0.461312
1248	0.540319	0.784253	0.540466	0.307454	0.340552	0.430144	0.614622	0.427573	0.57879	0.299108	0.407119	0.448559
1250	0.5285	0.774272	0.538832	0.301064	0.336289	0.42694	0.60448	0.422335	0.575275	0.304902	0.400319	0.446295
1252	0.526658	0.769238	0.533721	0.299242	0.332878	0.419996	0.606123	0.414546	0.565575	0.302623	0.397019	0.438296
1254	0.523077	0.760673	0.526058	0.300903	0.335339	0.418675	0.604367	0.414146	0.558193	0.293456	0.392252	0.426194
1256	0.511818	0.744627	0.50899	0.289482	0.331474	0.410456	0.582239	0.407193	0.542989	0.285453	0.377098	0.414315
1258	0.499038	0.726106	0.499182	0.281245	0.323695	0.409196	0.56506	0.404263	0.531033	0.283455	0.37196	0.4074
1260	0.488878	0.712506	0.491273	0.277417	0.315901	0.398294	0.551812	0.390803	0.517542	0.275028	0.365421	0.397851
1262	0.479224	0.702532	0.480259	0.271458	0.306164	0.388373	0.537739	0.378303	0.507361	0.266563	0.358107	0.382517
1264	0.469573	0.684695	0.469785	0.267135	0.300969	0.3807	0.520607	0.362882	0.490512	0.260214	0.349651	0.369945
1266	0.451417	0.664087	0.459612	0.260669	0.298644	0.371062	0.506285	0.34996	0.470706	0.252408	0.340342	0.356872
1268	0.439543	0.647945	0.44788	0.253904	0.291806	0.363426	0.487746	0.340959	0.458279	0.245403	0.327585	0.347636
1270	0.435042	0.638104	0.43859	0.249074	0.281855	0.35772	0.475393	0.333115	0.449175	0.237047	0.319165	0.339233
1272	0.423108	0.623238	0.428323	0.240815	0.270358	0.345932	0.462058	0.325677	0.436432	0.228744	0.312333	0.330695
1274	0.412239	0.608475	0.415142	0.236525	0.262922	0.337577	0.448647	0.313991	0.425148	0.220347	0.30301	0.323184
1276	0.402139	0.595429	0.407265	0.230115	0.260674	0.332796	0.440662	0.308581	0.412809	0.21648	0.296402	0.315876
1278	0.391042	0.584864	0.400441	0.223264	0.254884	0.322944	0.429709	0.301764	0.401462	0.216274	0.29023	0.309542
1280	0.384809	0.572433	0.391271	0.219422	0.248707	0.313184	0.416819	0.293884	0.396538	0.213459	0.285459	0.303107
1282	0.377951	0.559909	0.384743	0.215184	0.243916	0.305628	0.41267	0.28572	0.391758	0.206211	0.27978	0.294559
1284	0.371331	0.54578	0.376283	0.213549	0.239434	0.300737	0.406569	0.280262	0.384832	0.198919	0.274454	0.287612
1286	0.364257	0.53743	0.365476	0.208388	0.232266	0.295756	0.397195	0.274794	0.374485	0.196075	0.267471	0.280612
1288	0.353749	0.526853	0.357269	0.203201	0.225548	0.288026	0.388202	0.270144	0.364462	0.19241	0.262458	0.275151
1290	0.342093	0.51314	0.349712	0.198272	0.221393	0.280088	0.37903	0.26377	0.356658	0.187585	0.257739	0.269842
1292	0.333822	0.498054	0.341119	0.194749	0.216279	0.273292	0.372003	0.255358	0.350337	0.180432	0.251853	0.263109
1294	0.329283	0.486292	0.333296	0.191072	0.210776	0.267628	0.363185	0.249869	0.34545	0.175119	0.246896	0.258565
1296	0.323396	0.475773	0.326263	0.186967	0.208033	0.261639	0.358708	0.248642	0.338881	0.172522	0.241536	0.253984
1298	0.315704	0.469506	0.320491	0.18416	0.201954	0.25704	0.356309	0.246972	0.33491	0.172984	0.237912	0.250874
1300	0.307876	0.463359	0.313041	0.182108	0.197205	0.254758	0.352339	0.243177	0.332318	0.174183	0.234131	0.247733
1302	0.302775	0.458069	0.307153	0.180787	0.194948	0.25109	0.348479	0.240332	0.329764	0.169456	0.231244	0.246051
1304	0.302271	0.452285	0.304143	0.179425	0.194536	0.250772	0.34702	0.236444	0.328324	0.16664	0.230425	0.245874
1306	0.301332	0.447572	0.302095	0.178437	0.193565	0.248592	0.347013	0.236068	0.328557	0.16495	0.22933	0.245155
1308	0.296668	0.442472	0.298861	0.176196	0.193731	0.246382	0.344856	0.236387	0.324975	0.164295	0.226274	0.242914
1310	0.291834	0.439985	0.296397	0.174386	0.193194	0.244925	0.342269	0.236001	0.320602	0.165602	0.226439	0.241037
1312	0.289035	0.440965	0.295418	0.172871	0.190237	0.241957	0.340589	0.234312	0.320095	0.163577	0.226274	0.23989
1314	0.287689	0.436492	0.292811	0.170712	0.188775	0.239287	0.338197	0.233093	0.31641	0.162612	0.223558	0.238404
1316	0.286047	0.431581	0.290393	0.169796	0.188183	0.237447	0.335026	0.229623	0.313777	0.162358	0.221049	0.236767
1318	0.284849	0.428554	0.288478	0.169698	0.186192	0.236197	0.334818	0.227019	0.313154	0.163767	0.220321	0.2378
1320	0.283976	0.427262	0.28766	0.169562	0.183973	0.23599	0.334285	0.22779	0.310452	0.166168	0.217552	0.237416
1322	0.283053	0.425653	0.288313	0.16994	0.184311	0.234238	0.333116	0.230162	0.310595	0.165097	0.217657	0.235574
1324	0.283587	0.425964	0.289526	0.16977	0.185096	0.233649	0.335257	0.231376	0.311631	0.162927	0.219615	0.234975
1326	0.286334	0.428116	0.290455	0.170226	0.187076	0.235638	0.337987	0.232487	0.315035	0.164225	0.222582	0.236718
1328	0.289458	0.434677	0.292858	0.171839	0.188983	0.238103	0.342495	0.234971	0.318724	0.167608	0.22499	0.238934
1330	0.289214	0.439235	0.293921	0.172105	0.190158	0.238754	0.343752	0.236576	0.319458	0.168776	0.225137	0.241478
1332	0.286626	0.439167	0.294241	0.172377	0.189521	0.237303	0.344399	0.236861	0.319302	0.167704	0.226206	0.240575
1334	0.285978	0.439204	0.294143	0.174869	0.189432	0.237915	0.345313	0.237771	0.320009	0.164506	0.227066	0.240687
1336	0.286517	0.438753	0.294745	0.175415	0.188088	0.239383	0.34506	0.23759	0.319579	0.165884	0.227377	0.242849
1338	0.286401	0.439715	0.293009	0.174012	0.187209	0.238501	0.344171	0.237453	0.318463	0.169692	0.226924	0.243044
1340	0.283962	0.438923	0.291452	0.17231	0.188228	0.235931	0.343103	0.237929	0.319201	0.169031	0.225331	0.241458
1342	0.28012	0.434057	0.290182	0.172097	0.187251	0.233779	0.341509	0.238861	0.317858	0.165044	0.222638	0.240297
1344	0.282049	0.431383	0.288205	0.173226	0.185606	0.232059	0.338865	0.236228	0.314743	0.16246	0.223226	0.238054
1346	0.286732	0.43147	0.287795	0.173285	0.184183	0.232495	0.338498	0.233893	0.314975	0.162904	0.223839	0.236805
1348	0.288351	0.430816	0.28811	0.173467	0.183922	0.232338	0.338846	0.233176	0.314307	0.166285	0.223875	0.236058
1350	0.284433	0.433008	0.289183	0.172945	0.183318	0.232003	0.338116	0.231588	0.312193	0.166597	0.222266	0.238031
1352	0.282676	0.435526	0.290865	0.173174	0.183713	0.233433	0.340043	0.230877	0.312183	0.16447	0.222997	0.238684
1354	0.286407	0.439126	0.293494	0.175745	0.185941	0.234989	0.343759	0.233097	0.314328	0.163679	0.225123	0.240999
1356	0.291805	0.441522	0.296116	0.176747	0.188095	0.23636	0.346114	0.234019	0.317328	0.16363	0.225848	0.243403
1358	0.293052	0.44543	0.298937	0.178042	0.190054	0.238245	0.347966	0.23554	0.320192	0.165516	0.227994	0.245418
1360	0.295958	0.45286	0.302755	0.179583	0.191762	0.24076	0.351501	0.241631	0.325204	0.168897	0.232463	0.246962
1362	0.298319	0.463554	0.308564	0.183508	0.195794	0.245221	0.3587	0.246137	0.331675	0.171039	0.235378	0.251209
1364	0.306347	0.478414	0.31793	0.190459	0.199678	0.253678	0.369031	0.251017	0.341135	0.173533	0.240826	0.259087
1366	0.317573	0.492362	0.32746	0.196906	0.20612	0.262488	0.381457	0.258538	0.351797	0.180485	0.250024	0.266765
1368	0.329082	0.504845	0.337397	0.200246	0.214303	0.270496	0.392092	0.265609	0.361184	0.18775	0.257183	0.274071
1370	0.336692	0.517109	0.344394	0.206369	0.220264	0.276465	0.402394	0.272044	0.371225	0.194233	0.263017	0.282159
1372	0.340862	0.528423	0.351438	0.211026	0.224311	0.282043	0.412133	0.277546	0.381167	0.198109	0.268234	0.289721
1374	0.343547	0.537417	0.358418	0.214781	0.226349	0.287306	0.422116	0.282994	0.387641	0.199218	0.273957	0.296817
1376	0.352494	0.547898	0.365916	0.220573	0.231666	0.293441	0.433063	0.290716	0.395839	0.204925	0.280477	0.303269
1378	0.363955	0.560558	0.37431	0.226066	0.237124	0.301411	0.444345	0.299009	0.406968	0.21571	0.288254	0.309168
1380	0.372258	0.5716	0.382411	0.230654	0.242194	0.309274	0.455338	0.307631	0.415781	0.222545	0.295682	0.317447
1382	0.377616	0.585267	0.391663	0.236199	0.249344	0.316847	0.464867	0.317464	0.426978	0.225582	0.303969	0.326814
1384	0.383276	0.594937	0.400508	0.241106	0.254221	0.322868	0.47552	0.325423	0.436718	0.226061	0.311087	0.334313
1386	0.391279	0.60314	0.405743	0.245505	0.25791	0.328128	0.485099	0.331485	0.4438	0.227666	0.319245	0.340258
1388	0.398198	0.611024	0.409311	0.247588	0.261898	0.331868	0.490125	0.335989	0.447841	0.234855	0.3228	0.344655
1390	0.40003	0.616282	0.413727	0.249067	0.264544	0.334567	0.495634	0.341714	0.451487	0.239524	0.324941	0.348674
1392	0.39859	0.617087	0.416854	0.251134	0.266771	0.336514	0.498601	0.344609	0.454043	0.239223	0.32651	0.349211
1394	0.39562	0.614693	0.415546	0.251843	0.266939	0.337547	0.496609	0.346284	0.453663	0.236018	0.325753	0.348349
1396	0.395753	0.613365	0.413231	0.250387	0.265909	0.336583	0.495186	0.346651	0.450807	0.233417	0.32493	0.348981
1398	0.395167	0.608776	0.407269	0.245967	0.26286	0.331269	0.490187	0.342459	0.444297	0.232016	0.320145	0.343506
1400	0.393125	0.6079	0.404552	0.243075	0.261002	0.330178	0.485051	0.338538	0.438786	0.23324	0.315127	0.337432
1402	0.39088	0.606605	0.403419	0.242037	0.259458	0.329123	0.476086	0.333481	0.43285	0.23064	0.312154	0.332951
1404	0.388932	0.602453	0.400692	0.240245	0.258903	0.325495	0.468611	0.328538	0.426421	0.225723	0.307501	0.328266
1406	0.38782	0.5965	0.397481	0.238347	0.255731	0.321496	0.460286	0.320862	0.417616	0.21946	0.302188	0.322279
1408	0.386711	0.591431	0.39386	0.23691	0.253023	0.318165	0.452546	0.314448	0.411012	0.215218	0.297414	0.317272
1410	0.382383	0.587884	0.389611	0.234207	0.248762	0.314782	0.444864	0.308989	0.405838	0.213376	0.292798	0.312511
1412	0.377054	0.584556	0.385566	0.231176	0.245143	0.30977	0.437453	0.303159	0.40096	0.210999	0.286897	0.308399
1414	0.371633	0.582372	0.381709	0.228311	0.241604	0.306138	0.431102	0.297648	0.395699	0.204646	0.282638	0.303854
1416	0.366697	0.574579	0.377925	0.225699	0.237454	0.303501	0.424059	0.291967	0.389341	0.201867	0.278584	0.298238
1418	0.36332	0.564441	0.373448	0.224836	0.235986	0.301513	0.417803	0.287047	0.383945	0.2015	0.276374	0.293085
1420	0.357024	0.555201	0.367091	0.219108	0.232863	0.296425	0.412355	0.281244	0.375427	0.197275	0.270348	0.287636
1422	0.351005	0.546173	0.360202	0.214247	0.229282	0.288766	0.404421	0.275877	0.366927	0.192742	0.26485	0.283344
1424	0.344402	0.540278	0.354795	0.211121	0.224948	0.284506	0.395931	0.270653	0.362068	0.188597	0.263936	0.281874
1426	0.339104	0.535023	0.350902	0.208015	0.221342	0.279958	0.388485	0.267458	0.359752	0.184001	0.261093	0.278995
1428	0.341672	0.53439	0.349127	0.207919	0.21931	0.279974	0.388023	0.264637	0.357209	0.185653	0.258599	0.277588
1430	0.34394	0.538757	0.349003	0.208995	0.221544	0.283713	0.388836	0.263591	0.359117	0.189743	0.258258	0.277629
1432	0.346539	0.544041	0.353683	0.211392	0.225102	0.286253	0.394126	0.266459	0.36438	0.191016	0.261071	0.277733
1434	0.353448	0.552401	0.362662	0.21622	0.229326	0.288471	0.400734	0.271674	0.371032	0.191041	0.26677	0.283975
1436	0.359816	0.561709	0.370148	0.220994	0.229856	0.291571	0.409732	0.277182	0.377478	0.191095	0.272016	0.290239
1438	0.366165	0.576754	0.3798	0.226957	0.234281	0.298552	0.418424	0.282112	0.385199	0.198309	0.27821	0.295856
1440	0.374298	0.593468	0.388909	0.233082	0.242251	0.308183	0.427268	0.287208	0.395267	0.208946	0.284275	0.303014
1442	0.382354	0.60597	0.398414	0.239503	0.249985	0.316486	0.434841	0.292948	0.403202	0.213957	0.289992	0.309253
1444	0.39134	0.616662	0.408358	0.245409	0.255081	0.323947	0.444804	0.298776	0.411881	0.214719	0.296891	0.315833
1446	0.400319	0.631333	0.418384	0.248687	0.258589	0.33089	0.454351	0.304619	0.419898	0.214942	0.305285	0.324174
1448	0.405774	0.645722	0.425234	0.25302	0.26351	0.335304	0.459787	0.308332	0.426189	0.21586	0.310156	0.329548
1450	0.410563	0.65185	0.431224	0.256159	0.267398	0.34039	0.463452	0.311799	0.43018	0.22267	0.312221	0.331744
1452	0.419433	0.661122	0.438908	0.258639	0.270679	0.347747	0.469581	0.316423	0.435264	0.228353	0.312359	0.336854
1454	0.423331	0.665673	0.442738	0.260387	0.272266	0.350474	0.4742	0.320005	0.438449	0.227708	0.312279	0.339868
1456	0.421551	0.6598	0.440864	0.259497	0.2722	0.348584	0.471936	0.316983	0.437591	0.222045	0.312358	0.337395
1458	0.415755	0.648538	0.434989	0.257059	0.269708	0.343563	0.463631	0.310751	0.431424	0.217857	0.310839	0.335124
1460	0.40855	0.638767	0.428456	0.253504	0.266865	0.337965	0.458602	0.307832	0.427548	0.218322	0.304577	0.332906
1462	0.408926	0.637128	0.427408	0.251108	0.262586	0.335599	0.458402	0.307985	0.42702	0.220994	0.303911	0.333469
1464	0.408148	0.636075	0.423913	0.251051	0.259789	0.330883	0.456457	0.306974	0.423756	0.222692	0.304053	0.333406
1466	0.405772	0.637877	0.421632	0.253596	0.260392	0.327864	0.455124	0.308461	0.423995	0.219402	0.306495	0.334361
1468	0.400838	0.634679	0.418071	0.252039	0.259596	0.324802	0.453042	0.305469	0.425331	0.21388	0.307057	0.334883
1470	0.395326	0.626459	0.412503	0.247844	0.253858	0.322173	0.45082	0.301989	0.421731	0.21682	0.305058	0.330072
1472	0.388915	0.613181	0.402883	0.243744	0.246033	0.317084	0.443217	0.297772	0.411513	0.21567	0.303169	0.324311
1474	0.382432	0.603258	0.396534	0.23852	0.24078	0.31075	0.440255	0.292633	0.403222	0.209864	0.30037	0.320046
1476	0.377125	0.595895	0.39019	0.234953	0.238538	0.304282	0.435494	0.291559	0.398036	0.204216	0.300946	0.314775
1478	0.384184	0.598327	0.392982	0.237268	0.242174	0.305553	0.436832	0.291747	0.400906	0.205947	0.30193	0.313986
1480	0.391085	0.600703	0.395712	0.23953	0.245729	0.306797	0.43814	0.291931	0.403712	0.207638	0.302892	0.313215
1482	0.397832	0.603027	0.398381	0.241743	0.249205	0.308012	0.439418	0.292111	0.406456	0.209293	0.303833	0.312461
1484	0.405101	0.618152	0.408697	0.247157	0.251698	0.316647	0.44751	0.300363	0.414974	0.215125	0.311309	0.319577
1486	0.420575	0.639525	0.424398	0.256005	0.258144	0.329944	0.464678	0.310349	0.429878	0.22512	0.323906	0.332051
1488	0.439599	0.669945	0.445373	0.267233	0.272068	0.343807	0.48707	0.321204	0.452723	0.236806	0.338266	0.346154
1490	0.461469	0.707975	0.468897	0.28329	0.287518	0.362705	0.511143	0.333729	0.474522	0.246188	0.352797	0.366211
1492	0.478767	0.738861	0.490973	0.296839	0.300126	0.378003	0.530308	0.344613	0.493663	0.256651	0.36761	0.378392
1494	0.497581	0.768658	0.512332	0.311794	0.31235	0.39601	0.549827	0.358359	0.51145	0.268374	0.383791	0.390543
1496	0.522401	0.806395	0.536304	0.327833	0.326456	0.416061	0.576708	0.37481	0.53434	0.281707	0.402026	0.406704
1498	0.542376	0.841256	0.557081	0.339416	0.334389	0.432457	0.595483	0.388855	0.556218	0.28609	0.413451	0.422674
1500	0.563028	0.878965	0.580983	0.356353	0.350268	0.449711	0.614288	0.402334	0.578692	0.291902	0.425971	0.43874
1502	0.590831	0.917473	0.608262	0.372603	0.366212	0.469633	0.638033	0.41528	0.601065	0.301894	0.444078	0.456353
1504	0.619173	0.95069	0.634589	0.386803	0.379705	0.489093	0.660815	0.429216	0.619449	0.314734	0.46262	0.472449
1506	0.641341	0.984144	0.655779	0.402697	0.393556	0.511048	0.682085	0.444655	0.642702	0.331259	0.477685	0.49383
1508	0.667941	1.03507	0.688414	0.425006	0.416559	0.534068	0.715373	0.463453	0.673888	0.346433	0.499963	0.518491
1510	0.700754	1.09483	0.727516	0.448197	0.442254	0.557601	0.75463	0.486186	0.709707	0.35807	0.525724	0.545862
1512	0.739373	1.14925	0.763322	0.468391	0.46161	0.584478	0.785696	0.507389	0.744763	0.373006	0.547145	0.570373
1514	0.774199	1.19951	0.796193	0.487169	0.479987	0.615035	0.815588	0.529802	0.773135	0.394664	0.569401	0.595431
1516	0.787311	1.23128	0.815086	0.499929	0.491506	0.632353	0.835219	0.546174	0.793896	0.415772	0.585998	0.611774
1518	0.806715	1.26177	0.840982	0.515051	0.509538	0.650432	0.862316	0.562189	0.819806	0.427945	0.601851	0.627977
1520	0.837314	1.29151	0.865415	0.524804	0.526186	0.671385	0.889974	0.57961	0.843139	0.428951	0.614981	0.644218
1522	0.8629	1.32034	0.881075	0.534588	0.536151	0.686923	0.908375	0.594084	0.862235	0.431102	0.626472	0.660427
1524	0.874206	1.34671	0.896671	0.545276	0.549084	0.701636	0.924581	0.605574	0.877977	0.442141	0.639886	0.673045
1526	0.887406	1.37171	0.918024	0.555844	0.564577	0.723045	0.947464	0.620302	0.896576	0.461597	0.654184	0.690325
1528	0.910156	1.40143	0.93911	0.567853	0.580356	0.739948	0.969938	0.638129	0.915675	0.472563	0.668804	0.706864
1530	0.935024	1.42607	0.950428	0.575277	0.590054	0.751228	0.983746	0.65173	0.933726	0.476242	0.680817	0.717562
1532	0.944297	1.44211	0.956042	0.574843	0.592148	0.75676	0.98938	0.657376	0.945629	0.477538	0.685876	0.727308
1534	0.943242	1.44662	0.959024	0.576506	0.594781	0.763335	0.994922	0.660494	0.952766	0.482834	0.688011	0.735989
1536	0.947055	1.44505	0.962396	0.578498	0.601484	0.770114	0.999906	0.666911	0.958722	0.489523	0.691022	0.737239
1538	0.948511	1.43284	0.957414	0.575362	0.604121	0.771988	0.999847	0.669493	0.959138	0.491582	0.691244	0.736491
1540	0.94418	1.41504	0.949993	0.567704	0.603571	0.768725	0.997504	0.669535	0.955563	0.489067	0.68455	0.735426
1542	0.926668	1.39237	0.939515	0.559118	0.596597	0.759244	0.98706	0.668158	0.949248	0.483026	0.674416	0.728551
1544	0.908959	1.36322	0.921395	0.548422	0.584413	0.746402	0.967692	0.658829	0.93286	0.477493	0.664349	0.722073
1546	0.889488	1.32978	0.897199	0.533183	0.567171	0.732387	0.947954	0.646469	0.91266	0.471498	0.650054	0.706902
1548	0.862978	1.29418	0.871302	0.518095	0.552584	0.715662	0.926445	0.638341	0.889641	0.462982	0.63404	0.688881
1550	0.827515	1.2442	0.838969	0.50033	0.535038	0.68637	0.895952	0.619525	0.859103	0.446305	0.609861	0.665673
1552	0.797441	1.19216	0.806376	0.479769	0.515989	0.656276	0.864164	0.599733	0.82801	0.426287	0.585638	0.638903
1554	0.770469	1.14178	0.767586	0.456108	0.492335	0.626595	0.832337	0.577458	0.79127	0.409314	0.562381	0.611157
1556	0.742278	1.09559	0.734052	0.435657	0.4699	0.601721	0.801992	0.555417	0.759555	0.39578	0.54132	0.587885
1558	0.705236	1.0494	0.698831	0.417566	0.446605	0.576157	0.770895	0.532416	0.72962	0.380043	0.517878	0.561325
1560	0.67436	1.00334	0.669844	0.401756	0.427767	0.551728	0.740508	0.509828	0.699474	0.359184	0.497834	0.539482
1562	0.662937	0.97631	0.650284	0.388879	0.416852	0.533718	0.726287	0.496357	0.680665	0.345239	0.485559	0.522291
1564	0.649411	0.957664	0.631751	0.376271	0.4069	0.516202	0.711872	0.483697	0.663944	0.337288	0.475064	0.508513
1566	0.629826	0.939482	0.617567	0.366569	0.398018	0.505307	0.700461	0.475295	0.649071	0.335332	0.467362	0.497776
1568	0.610036	0.917966	0.60542	0.359982	0.389607	0.492858	0.687972	0.467726	0.635805	0.332501	0.458825	0.486835
1570	0.598049	0.895904	0.590774	0.352092	0.382772	0.482235	0.675292	0.463416	0.623515	0.325233	0.44949	0.480317
1572	0.591661	0.877417	0.581075	0.345077	0.374412	0.473372	0.666224	0.456697	0.610793	0.318133	0.442502	0.472513
1574	0.577598	0.86482	0.572982	0.339249	0.36696	0.46494	0.655929	0.448857	0.601846	0.316427	0.434629	0.465644
1576	0.562166	0.85461	0.564983	0.335411	0.359706	0.45814	0.649868	0.443785	0.591438	0.318739	0.428933	0.45775
1578	0.556023	0.847305	0.556975	0.330175	0.354994	0.452931	0.641812	0.44056	0.584899	0.317786	0.42628	0.45176
1580	0.558555	0.843117	0.553114	0.328583	0.354994	0.452547	0.63837	0.434868	0.579381	0.312526	0.423838	0.446365
1582	0.55957	0.83984	0.552145	0.328022	0.353924	0.449784	0.635168	0.430734	0.573652	0.30702	0.419604	0.445055
1584	0.558558	0.842959	0.554691	0.328542	0.352549	0.447608	0.634406	0.429016	0.571448	0.305804	0.42009	0.445284
1586	0.561267	0.85112	0.558833	0.331974	0.354687	0.451204	0.640118	0.431173	0.576156	0.305554	0.423625	0.447211
1588	0.568577	0.864964	0.567912	0.338466	0.36046	0.458914	0.649448	0.435878	0.585313	0.309826	0.429888	0.451847
1590	0.581726	0.884463	0.581684	0.344851	0.370144	0.468294	0.66011	0.443203	0.596363	0.315107	0.438057	0.460391
1592	0.593172	0.898678	0.593798	0.350076	0.378381	0.472362	0.671163	0.449454	0.60559	0.320687	0.44606	0.472626
1594	0.604015	0.915134	0.605596	0.356098	0.385949	0.479314	0.685914	0.457452	0.617036	0.327904	0.456899	0.480671
1596	0.614398	0.936248	0.617766	0.362992	0.391467	0.490383	0.701095	0.465759	0.628821	0.33741	0.46521	0.4888
1598	0.624861	0.96172	0.632191	0.371917	0.399432	0.50363	0.711547	0.475547	0.6397	0.343892	0.473435	0.497014
1600	0.635519	0.984136	0.646437	0.38259	0.409707	0.51586	0.723127	0.484431	0.651502	0.348157	0.483255	0.505099
1602	0.652978	1.00062	0.663195	0.390981	0.420713	0.526363	0.735842	0.491986	0.662786	0.35521	0.49299	0.514518
1604	0.673807	1.02456	0.682049	0.400978	0.428951	0.536196	0.75252	0.500868	0.677005	0.362808	0.503288	0.524408
1606	0.687943	1.05398	0.698241	0.412528	0.437014	0.548276	0.765774	0.50815	0.692977	0.367529	0.511975	0.535668
1608	0.701348	1.09089	0.718729	0.425897	0.447257	0.564745	0.780835	0.519029	0.710699	0.372504	0.522874	0.549924
1610	0.72438	1.13338	0.747312	0.441137	0.466544	0.584261	0.800976	0.531168	0.732899	0.379345	0.537318	0.565587
1612	0.760596	1.18175	0.784178	0.462018	0.485881	0.604613	0.828853	0.546435	0.757984	0.38967	0.555467	0.58379
1614	0.802453	1.23257	0.821439	0.483646	0.504778	0.62939	0.857515	0.56556	0.787557	0.405632	0.576353	0.604504
1616	0.84078	1.29672	0.863091	0.511374	0.529961	0.658902	0.8896	0.585704	0.817937	0.424481	0.599931	0.628355
1618	0.886282	1.38793	0.91952	0.547787	0.56336	0.69917	0.931312	0.61421	0.861991	0.444872	0.631245	0.664886
1620	0.94976	1.48225	0.985824	0.587628	0.599971	0.741824	0.973525	0.642802	0.910607	0.46352	0.666273	0.704407
1622	1.03241	1.58489	1.05872	0.631825	0.640817	0.787568	1.02557	0.676528	0.966602	0.486827	0.704498	0.744983
1624	1.12505	1.71679	1.14773	0.687952	0.694124	0.846628	1.09305	0.721249	1.03567	0.521252	0.752133	0.801484
1626	1.20071	1.84808	1.23445	0.743042	0.748163	0.906511	1.16128	0.767051	1.10505	0.556098	0.80099	0.854544
1628	1.27535	1.98036	1.3165	0.793059	0.799922	0.968232	1.22972	0.814769	1.17565	0.592301	0.853546	0.909576
1630	1.35184	2.09088	1.38758	0.835196	0.847822	1.02417	1.29651	0.858204	1.24104	0.625989	0.90112	0.963437
1632	1.42869	2.18658	1.45072	0.873996	0.892035	1.07468	1.36751	0.902985	1.30857	0.660816	0.952367	1.01975
1634	1.47317	2.25355	1.49613	0.904836	0.926659	1.11305	1.43014	0.944327	1.36673	0.691916	0.998459	1.07026
1636	1.52425	2.33194	1.54696	0.938141	0.963351	1.16097	1.49899	0.992951	1.42841	0.728186	1.04762	1.12249
1638	1.58521	2.42413	1.60386	0.96525	0.996337	1.21874	1.5584	1.03809	1.4912	0.759793	1.09409	1.17285
1640	1.64197	2.50309	1.65138	0.986244	1.02949	1.26778	1.59969	1.07402	1.53886	0.784675	1.1311	1.21178
1642	1.68518	2.54914	1.68572	1.00313	1.05698	1.29566	1.63282	1.1014	1.5748	0.805601	1.15514	1.23893
1644	1.72202	2.58004	1.71363	1.01918	1.07244	1.32052	1.662	1.12291	1.60543	0.823202	1.17458	1.26465
1646	1.74662	2.60906	1.72755	1.02442	1.07809	1.33998	1.67887	1.13407	1.62449	0.826369	1.18379	1.27814
1648	1.7725	2.66093	1.75239	1.03501	1.09326	1.3689	1.68891	1.15045	1.64673	0.83125	1.19634	1.29212
1650	1.78891	2.72505	1.78639	1.05158	1.12045	1.40345	1.70567	1.17177	1.67208	0.842682	1.21421	1.31318
1652	1.79638	2.7334	1.79509	1.05584	1.13685	1.42222	1.71454	1.18273	1.68162	0.855014	1.22189	1.31917
1654	1.81664	2.70817	1.78376	1.04475	1.14199	1.4184	1.70776	1.17843	1.67125	0.864079	1.21277	1.30962
1656	1.85261	2.72897	1.79735	1.04697	1.15098	1.43178	1.71079	1.18702	1.68454	0.874977	1.21814	1.31768
1658	1.85048	2.74977	1.80254	1.04498	1.15345	1.44166	1.69773	1.1856	1.68346	0.870231	1.21423	1.31243
1660	1.82206	2.73674	1.77998	1.0293	1.14449	1.43196	1.67011	1.1688	1.65839	0.853076	1.19648	1.29076
1662	1.78366	2.66848	1.72296	0.993196	1.11197	1.39521	1.62347	1.12945	1.60765	0.827367	1.16261	1.2437
1664	1.75122	2.58716	1.66552	0.956682	1.07327	1.35121	1.57621	1.09051	1.5508	0.802351	1.12462	1.19048
1666	1.70484	2.51653	1.61154	0.922362	1.03751	1.30478	1.52794	1.05541	1.49844	0.780477	1.08869	1.14339
1668	1.63462	2.44284	1.55348	0.890233	1.00425	1.26141	1.47084	1.0154	1.44345	0.748564	1.05351	1.09678
1670	1.58461	2.3906	1.50465	0.861219	0.975722	1.22266	1.41866	0.979074	1.39476	0.7158	1.02159	1.05205
1672	1.55209	2.32279	1.45508	0.832019	0.941652	1.18195	1.37118	0.944731	1.34651	0.691638	0.990858	1.01186
1674	1.51578	2.24844	1.40878	0.805201	0.908205	1.14267	1.33179	0.915006	1.30235	0.676516	0.962239	0.978675
1676	1.45102	2.15942	1.35012	0.773094	0.873148	1.09352	1.2853	0.881058	1.24914	0.655284	0.9268	0.936592
1678	1.39597	2.0899	1.30219	0.746732	0.845713	1.05529	1.2413	0.850896	1.20417	0.633775	0.89571	0.901756
1680	1.35373	2.02295	1.25406	0.719989	0.814782	1.01984	1.19775	0.818787	1.15882	0.608259	0.869166	0.867583
1682	1.32259	1.96791	1.21504	0.696714	0.789148	0.986245	1.1584	0.791157	1.11822	0.584884	0.84491	0.838642
1684	1.27428	1.8909	1.16878	0.671152	0.759126	0.946289	1.11608	0.764123	1.07634	0.564405	0.8175	0.805851
1686	1.21225	1.80096	1.11175	0.636806	0.721695	0.898918	1.07042	0.729578	1.02663	0.540366	0.781636	0.766379
1688	1.1573	1.72635	1.06108	0.606862	0.689075	0.858895	1.02708	0.700251	0.98237	0.513677	0.748059	0.732109
1690	1.1098	1.65602	1.01523	0.578432	0.659681	0.820578	0.983007	0.668888	0.937559	0.486377	0.71632	0.696793
1692	1.06325	1.59059	0.973757	0.553564	0.634304	0.782763	0.939517	0.639976	0.89627	0.465652	0.688068	0.663797
1694	1.00409	1.50146	0.920258	0.523993	0.603553	0.736078	0.888501	0.606998	0.849097	0.445197	0.654768	0.628542
1696	0.942603	1.40379	0.860644	0.491465	0.564688	0.689265	0.836893	0.570836	0.796737	0.421006	0.616742	0.588919
1698	0.888066	1.322	0.809734	0.460204	0.53022	0.650561	0.793507	0.540295	0.752417	0.39765	0.58401	0.555771
1700	0.817562	1.22281	0.747327	0.422941	0.488798	0.60022	0.738492	0.501554	0.696443	0.366684	0.541545	0.515388
1702	0.757858	1.13381	0.694669	0.391864	0.455047	0.556893	0.693938	0.470518	0.650044	0.343125	0.506706	0.482818
1704	0.708886	1.05036	0.644669	0.3641	0.422711	0.517982	0.653758	0.442668	0.609467	0.325419	0.476779	0.454365
1706	0.66119	0.97144	0.599454	0.336281	0.392594	0.481996	0.614794	0.416341	0.57085	0.304197	0.446515	0.427314
1708	0.614793	0.906138	0.562636	0.313796	0.367054	0.450282	0.576824	0.393454	0.536866	0.283524	0.420394	0.403879
1710	0.5673	0.841348	0.525711	0.291622	0.343161	0.4181	0.537379	0.368787	0.50241	0.263088	0.393645	0.378981
1712	0.529268	0.784817	0.491916	0.272	0.31884	0.390912	0.505515	0.348092	0.471591	0.248611	0.370256	0.357832
1714	0.494788	0.727788	0.460203	0.254156	0.296044	0.364329	0.477259	0.326516	0.440815	0.237669	0.344742	0.335021
1716	0.458394	0.676462	0.429651	0.23854	0.275453	0.339433	0.446732	0.304338	0.410626	0.224819	0.32197	0.312473
1718	0.415618	0.61843	0.392724	0.217913	0.252689	0.307287	0.410636	0.277682	0.377523	0.207285	0.296609	0.28659
1720	0.382433	0.569182	0.362196	0.202018	0.23155	0.28296	0.379805	0.254467	0.349269	0.188841	0.270573	0.264629
1722	0.358976	0.529143	0.335497	0.188013	0.213489	0.262448	0.353187	0.234233	0.325115	0.17313	0.250661	0.246891
1724	0.333874	0.489961	0.308966	0.172516	0.196342	0.241527	0.326607	0.21587	0.301066	0.159549	0.231624	0.229798
1726	0.307354	0.453055	0.288887	0.160124	0.181731	0.223657	0.305529	0.199829	0.282354	0.149285	0.213462	0.216907
1728	0.282075	0.421751	0.270822	0.14914	0.169214	0.209843	0.291261	0.186032	0.265732	0.140914	0.198254	0.207095
1730	0.26252	0.394713	0.252829	0.141029	0.154723	0.196537	0.277717	0.173049	0.251649	0.132792	0.184647	0.197525
1732	0.246761	0.368937	0.236535	0.132289	0.144367	0.183049	0.264982	0.162145	0.23905	0.125777	0.169179	0.188407
1734	0.231177	0.348792	0.221664	0.125281	0.136491	0.172616	0.255852	0.155915	0.229224	0.122395	0.159458	0.183896
1736	0.220373	0.333425	0.212486	0.118902	0.130136	0.164971	0.249088	0.15209	0.223732	0.121757	0.156227	0.180885
1738	0.211279	0.316711	0.205227	0.115484	0.125079	0.156686	0.242763	0.149416	0.220067	0.119838	0.152791	0.179269
1740	0.202083	0.302585	0.199542	0.111536	0.120443	0.150542	0.240212	0.144802	0.216764	0.118519	0.148297	0.178409
1742	0.192342	0.28899	0.192655	0.10782	0.116172	0.146055	0.237134	0.139313	0.21152	0.112751	0.142455	0.176969
1744	0.181508	0.272738	0.182315	0.101853	0.109488	0.137243	0.230559	0.130447	0.203231	0.1054	0.136429	0.169582
1746	0.172977	0.256388	0.171978	0.0959247	0.103538	0.130305	0.22339	0.123466	0.193157	0.101679	0.130242	0.158891
1748	0.164931	0.244049	0.166028	0.0905162	0.0994437	0.127301	0.214831	0.116587	0.184336	0.100142	0.123447	0.150127
1750	0.157281	0.229919	0.157335	0.083494	0.0938998	0.119702	0.199522	0.109442	0.175786	0.0918764	0.114411	0.141123
1752	0.148017	0.216708	0.148628	0.078484	0.088996	0.111873	0.187107	0.104764	0.16662	0.0806715	0.109319	0.134587
1754	0.139559	0.203763	0.138449	0.0732801	0.0833011	0.105648	0.176901	0.0956767	0.150588	0.0769529	0.104808	0.120921
1756	0.130388	0.190737	0.127517	0.0689509	0.0735208	0.0997494	0.161913	0.0903166	0.138756	0.0709777	0.0968945	0.107121
1758	0.120034	0.17913	0.117661	0.0653156	0.0684543	0.0935235	0.15005	0.0851797	0.128398	0.0658085	0.086609	0.0971856
1760	0.110898	0.167419	0.108088	0.0600304	0.06596	0.0844871	0.142232	0.0768721	0.121978	0.0620153	0.0802355	0.0940675
1762	0.104366	0.155578	0.0978469	0.0540979	0.0621513	0.0785135	0.13074	0.0704704	0.113145	0.0591934	0.0759985	0.0919656
1764	0.101923	0.147174	0.0924443	0.048893	0.0578926	0.0745832	0.11553	0.0648722	0.105689	0.0546779	0.075937	0.087659
1766	0.0956007	0.138894	0.0864238	0.048599	0.0570581	0.0693146	0.108404	0.0619107	0.100257	0.0535919	0.0741785	0.0791888
1768	0.0897222	0.131705	0.0810916	0.047636	0.0553395	0.0692449	0.104569	0.0600133	0.0892302	0.0520758	0.0684165	0.0679227
1770	0.0870295	0.13108	0.0772577	0.0464284	0.047395	0.0677231	0.0964494	0.0574144	0.083263	0.0438625	0.0674257	0.0602226
1772	0.0858998	0.126352	0.074929	0.043866	0.0414392	0.0662867	0.0876884	0.0504682	0.0808352	0.0378244	0.0651783	0.054834
1774	0.0770931	0.120887	0.0768068	0.038167	0.0421812	0.0583493	0.0827915	0.0466528	0.0758513	0.0344674	0.0583998	0.0516969
1776	0.0733111	0.107751	0.0737466	0.0356415	0.0371959	0.0570483	0.0798275	0.0409865	0.0751052	0.0378491	0.0559184	0.054524
1778	0.0708308	0.0975758	0.0672693	0.0315487	0.0384221	0.0576827	0.0791659	0.0431451	0.0686264	0.0370927	0.0535746	0.0543842
1780	0.065945	0.0938793	0.0609035	0.0325822	0.0293353	0.0595616	0.0795779	0.0537521	0.0679246	0.0327398	0.0501976	0.0453642
1782	0.0619444	0.0978275	0.054551	0.0351724	0.038081	0.0505269	0.0685387	0.0507187	0.0658588	0.0338651	0.0410425	0.0441012
1784	0.066519	0.0976327	0.059242	0.0406314	0.0377108	0.0472167	0.061803	0.0401595	0.0613606	0.0391396	0.0293403	0.0467658
1786	0.067456	0.0968977	0.0549329	0.0390382	0.0341546	0.0522865	0.0583047	0.0313536	0.0578211	0.0386668	0.0319334	0.0374639
1788	0.0644247	0.0993077	0.056877	0.0263109	0.0259164	0.0466013	0.0622345	0.0285621	0.0692071	0.0419956	0.0331723	0.0349282
1790	0.0622179	0.091398	0.0594327	0.0262874	0.0260935	0.0541138	0.0564236	0.0396709	0.0747891	0.0345729	0.0213771	0.0435352
1792	0.0493858	0.0852622	0.0636943	0.0221602	0.0208153	0.0677782	0.0484275	0.0376142	0.0656361	0.0301663	0.0215428	0.0327637
1794	0.0523569	0.102115	0.0550155	0.0277598	0.0267777	0.0615673	0.0631051	0.0252707	0.0542379	0.0188201	0.0264197	0.0301804
1796	0.0440264	0.118402	0.062962	0.0367017	0.0295235	0.0374425	0.0536005	0.0307558	0.0585745	0.0288752	0.0352371	0.0184399
1798	0.0445252	0.100752	0.0625658	0.0295238	0.0220503	0.0355649	0.040391	0.0447743	0.0621118	0.0106092	0.069849	-0.000509
1800	0.0474984	0.0981265	0.0600541	0.0184174	0.00562546	0.0360813	0.0213947	0.0223589	0.0608159	0.00852279	0.0597464	-0.00414744
1802	0.0802696	0.0512411	0.0409509	0.0312006	0.0167414	0.0524785	0.00461662	0.0141095	0.0442968	0.00277865	0.0286179	0.00916977
1804	0.0535071	0.0609726	0.0123633	0.0486468	0.0270316	0.0890641	-0.0178009	0.00895537	0.0241174	0.00520728	0.0113238	0.027883
1806	0.0514286	0.0863501	0.0298127	0.0604649	-0.00298132	0.0917376	-0.0302121	-0.0282228	0.041028	0.0258165	-0.0166299	0.01967												
												
