#Position (1/cm)	Attenuation
1351	0.589877094434312
1352	0.671230821546928
1353	0.676036172332089
1354	0.597618722409555
1355	0.677650308455749
1356	0.635839058044337
1357	0.561973256522521
1358	0.517706575801949
1359	0.491473198475858
1360	0.516351051962329
1361	0.496479600812916
1362	0.412449194516033
1363	0.352015099363281
1364	0.409498620158315
1365	0.367897415509824
1366	0.36925741722976
1367	0.412411415461547
1368	0.400568693926399
1369	0.419657811066197
1370	0.359420461994269
1371	0.3079032196302
1372	0.367924904459634
1373	0.430748523254541
1374	0.369436889711573
1375	0.385938031801256
1376	0.366803414404693
1377	0.318449769867651
1378	0.305033974785986
1379	0.339379270511313
1380	0.317254607937906
1381	0.335723378721762
1382	0.344520069788925
1383	0.309250075318556
1384	0.295535334992852
1385	0.338685529491408
1386	0.398454320669801
1387	0.350558819782322
1388	0.342223867987674
1389	0.328416750113517
1390	0.290812335352461
1391	0.307207955725199
1392	0.31482769857468
1393	0.365489383031163
1394	0.364025270601593
1395	0.311206867345874
1396	0.290537649165607
1397	0.323822406475049
1398	0.349946050352518
1399	0.294691943173833
1400	0.293056311004612
1401	0.281522330263619
1402	0.317444673755458
1403	0.317865198633134
1404	0.317095013740217
1405	0.276278864726412
1406	0.26240523887635
1407	0.261839198100657
1408	0.27845270173315
1409	0.273484730070987
1410	0.293905188304888
1411	0.274211087177688
1412	0.262189929227674
1413	0.273325691769961
1414	0.308624139841726
1415	0.35455547852485
1416	0.33106777721019
1417	0.344774806546723
1418	0.35418793608322
1419	0.291804223713556
1420	0.267413596171844
1421	0.266192457959157
1422	0.27349627983032
1423	0.254228069808736
1424	0.231201182861452
1425	0.228157197762105
1426	0.213795216874552
1427	0.226021856737842
1428	0.262495169479872
1429	0.234329628246796
1430	0.215840183058394
1431	0.20575263905623
1432	0.202279998283884
1433	0.213935392208911
1434	0.257146734061103
1435	0.256062998610025
1436	0.202436797028481
1437	0.173550499991659
1438	0.172743337060255
1439	0.171274952834752
1440	0.171410921698904
1441	0.172456023225632
1442	0.169952947937849
1443	0.162820724807962
1444	0.159558451919336
1445	0.169383892690394
1446	0.179207491353025
1447	0.163451679032245
1448	0.15172055463254
1449	0.148773874959399
1450	0.144146880091666
1451	0.140983841450496
1452	0.146393598337578
1453	0.169042922517623
1454	0.190930439816532
1455	0.237581733272209
1456	0.196454329336101
1457	0.172731335241017
1458	0.143967549316621
1459	0.128716003624981
1460	0.127067395248345
1461	0.125104330201927
1462	0.146809213772825
1463	0.16305414136999
1464	0.132893914247319
1465	0.119568776359889
1466	0.117226472027236
1467	0.111249100269544
1468	0.113482854064604
1469	0.129268299901694
1470	0.158871794851744
1471	0.158759969677612
1472	0.129497333692983
1473	0.116785695502363
1474	0.124951811685595
1475	0.115559994127882
1476	0.0965081144401105
1477	0.0916480903639786
1478	0.095547649166113
1479	0.10002532268237
1480	0.0984925409837457
1481	0.0943080682081799
1482	0.0926251995039051
1483	0.093162055363222
1484	0.0960597270368557
1485	0.108716407657576
1486	0.118948884661594
1487	0.124944687429959
1488	0.140805067004251
1489	0.124418962317433
1490	0.104051162346444
1491	0.100431865803704
1492	0.104702481160383
1493	0.114103671910677
1494	0.133866282020888
1495	0.131697293820891
1496	0.120180784099464
1497	0.123410457273656
1498	0.114958047784704
1499	0.1088621111476
1500	0.107399754473294
1501	0.107053164034273
1502	0.113561036861627
1503	0.14273294916484
1504	0.188870086216997
1505	0.240402319529219
1506	0.217878948426345
1507	0.174067035577379
1508	0.145775249087763
1509	0.121051864331823
1510	0.114089789372096
1511	0.115323714464147
1512	0.107932444159403
1513	0.10786680837514
1514	0.115892293432259
1515	0.139570929778447
1516	0.145637774233683
1517	0.116105056097173
1518	0.109355579147891
1519	0.136283066822389
1520	0.167566862896923
1521	0.152938007444214
1522	0.12470641569117
1523	0.122230529506654
1524	0.136541353291974
1525	0.128873793169321
1526	0.123345630665612
1527	0.125078428620038
1528	0.113604210913718
1529	0.115260090779903
1530	0.132852897044118
1531	0.159643593018486
1532	0.160323504568659
1533	0.136976680237726
1534	0.123724419208721
1535	0.131898695048787
1536	0.16303702074323
1537	0.201423739937047
1538	0.25593898850043
1539	0.203293112583269
1540	0.197748732637399
1541	0.185880904650067
1542	0.145570272127193
1543	0.146163946488196
1544	0.142204258253854
1545	0.120621454497717
1546	0.111884108347173
1547	0.113884002276992
1548	0.139895336989896
1549	0.138729602776505
1550	0.12086842426862
1551	0.116556534709593
1552	0.129540540696224
1553	0.141679336431525
1554	0.13422321225469
1555	0.156373339608972
1556	0.196788534300097
1557	0.25005865380345
1558	0.213127010924497
1559	0.168987648087441
1560	0.129344976121912
1561	0.121355474336812
1562	0.123668328946396
1563	0.131181683796512
1564	0.120674379414986
1565	0.114055537291094
1566	0.125636018705205
1567	0.156123321391386
1568	0.144680353926693
1569	0.125919336606403
1570	0.114443022073708
1571	0.11681430635308
1572	0.123941985638273
1573	0.129967177718025
1574	0.172197727335809
1575	0.173382024273326
1576	0.133108317961324
1577	0.121506027803072
1578	0.122170848812273
1579	0.113713931964827
1580	0.117133213253417
1581	0.119294702484644
1582	0.114743229695281
1583	0.117193032099732
1584	0.116616504001351
1585	0.116749951603303
1586	0.124433872308514
1587	0.126429518408878
1588	0.119962966622176
1589	0.125546350640487
1590	0.121054030574237
1591	0.121040410269112
1592	0.124025252988989
1593	0.119430789739811
1594	0.126282212018467
1595	0.120587780396907
1596	0.115555532376314
1597	0.126063450841029
1598	0.124650263537673
1599	0.122515708738408
1600	0.130162331686117
1601	0.134040031835905
1602	0.132489889563148
1603	0.129010440780047
1604	0.12417423276643
1605	0.131221935423961
1606	0.135004231936061
1607	0.13845510006315
1608	0.136743322876032
1609	0.13553422921413
1610	0.132213190770822
1611	0.134229510408042
1612	0.131220431039484
1613	0.147538127741663
1614	0.178504755319841
1615	0.228451398408226
1616	0.18896933085344
1617	0.159010847397495
1618	0.137438142220838
1619	0.134738644639447
1620	0.13306248489993
1621	0.153148845711719
1622	0.157159065859556
1623	0.15384335650052
1624	0.166556547407163
1625	0.172878562426358
1626	0.214637260374201
1627	0.16920719609291
1628	0.13923398644475
1629	0.145602747778885
1630	0.164290370149415
1631	0.176015328484243
1632	0.197258271707607
1633	0.206441753864921
1634	0.235997825268712
1635	0.180439825277137
1636	0.140539110999639
1637	0.143149617352982
1638	0.165204648373329
1639	0.165504504178962
1640	0.183572449795813
1641	0.205663157304929
1642	0.1819739847958
1643	0.187395901260416
1644	0.23770565946519
1645	0.246440364155259
1646	0.224315703737235
1647	0.211461509870892
1648	0.199648623959035
1649	0.242910343636172
1650	0.326691669326352
1651	0.355295041741139
1652	0.331391457228901
1653	0.263406813798534
1654	0.22075431101094
1655	0.216836752033777
1656	0.228333351851832
1657	0.218667993462768
1658	0.211959234873587
1659	0.242519839479986
