1.218173925869834272e-03
1.154429835578274543e-03
1.569686566896260228e-03
1.683037521351202302e-03
1.709136978851657487e-03
1.693975321493685314e-03
2.065811311205598914e-03
2.005871090906363816e-03
1.619814777744514860e-03
1.601318246163170155e-03
1.579688835682930290e-03
2.104064708302251160e-03
2.211170215725453275e-03
1.791592248324521157e-03
1.853298514425735267e-03
2.052778015719281673e-03
2.123797886292839651e-03
1.503420319623907956e-03
1.514594932008660102e-03
2.039176124056997930e-03
1.889101343515358754e-03
2.462078734857636036e-03
2.524880625275872925e-03
1.938585290546544120e-03
1.840041767684008536e-03
1.938687928940576507e-03
1.600202560039925247e-03
1.720462777274828995e-03
1.250563598916320726e-03
1.240829741370910125e-03
1.768170001382559763e-03
1.685658641890920226e-03
2.272699519453532692e-03
2.347326505280983994e-03
1.911120092821802638e-03
1.483718730541440682e-03
1.481132043964800788e-03
1.726551514105759480e-03
1.895815352093036714e-03
2.016192639181732700e-03
1.690092427718968560e-03
1.878255931187243748e-03
1.643864085944514181e-03
2.168785573770418661e-03
2.172532035736765999e-03
1.818001915985250185e-03
1.519159317028455098e-03
1.965996718119013709e-03
2.075024544376926749e-03
2.527055686956631610e-03
1.989134811118971075e-03
2.071625621647665318e-03
1.963374077369344807e-03
1.573709957370536105e-03
1.772512814331439479e-03
1.957898353859174184e-03
1.541092098816818860e-03
1.857063778012984492e-03
1.955012051147172331e-03
2.125906552999593056e-03
1.928715190861002467e-03
1.356600260165274213e-03
2.310902782261886872e-03
1.716666513274990808e-03
1.314080753019453238e-03
1.282290987674624978e-03
1.263703878333175641e-03
1.678233084461089276e-03
2.194787588967433544e-03
1.465047749715832088e-03
1.327286246420583161e-03
1.339576481799637170e-03
1.525323762169097886e-03
1.510346709939786947e-03
1.978961687943388888e-03
1.627304065433246051e-03
1.607678583456714555e-03
1.848300094131487964e-03
1.410710849268414406e-03
1.756998570544055210e-03
1.521777127743263649e-03
1.426914365721177131e-03
1.924396785809739854e-03
1.755216758345879997e-03
2.114626991871846034e-03
2.916129479361188707e-03
2.123994508725000202e-03
1.394387714708239610e-03
2.090347259702603818e-03
2.129666450465606767e-03
2.447054189428804830e-03
2.584677999664975866e-03
2.176020281710825972e-03
2.918320562148998213e-03
2.488209738146798366e-03
2.042342229256776699e-03
2.937906539752805930e-03
2.416442707335584618e-03
2.718406002538985549e-03
2.503103647201716277e-03
3.122337172579126106e-03
3.267180828518930283e-03
3.335937075027135736e-03
2.670699103773265925e-03
3.152954316836132330e-03
3.079428204002423834e-03
2.824111748442198217e-03
1.578137605061029781e-03
2.085210389332334269e-03
2.503285713093934221e-03
2.828691174152790210e-03
2.316937025632108231e-03
2.757932771823889354e-03
2.866738421678374695e-03
2.293723251156790360e-03
1.725267772240776697e-03
2.505705239488147627e-03
2.536163971941567726e-03
2.990952770152457713e-03
2.858985387867539387e-03
2.701138622397814774e-03
2.275149325586992011e-03
2.226071335158473930e-03
2.348594968611591831e-03
1.778897058488376672e-03
2.205620945924157729e-03
1.958590072417316572e-03
2.512008766051735537e-03
1.911174845832702999e-03
2.436129107093511128e-03
2.062062003698261238e-03
2.076394277991373914e-03
2.075016141448847700e-03
2.041813550127522491e-03
2.235233594730982008e-03
2.165827069966980503e-03
2.028983726878808708e-03
2.159021252061308575e-03
2.308797550156495466e-03
2.508440633610109494e-03
2.568645582158994665e-03
2.366688006364317531e-03
3.263788062895718687e-03
4.711983538509038894e-03
4.205767329479625886e-03
3.906552452546428050e-03
3.625031359925125207e-03
2.458826529945662333e-03
2.344716430883766762e-03
2.062915825875431645e-03
2.586625441028389972e-03
3.140247890699734111e-03
2.273073811597503633e-03
2.452237989141201144e-03
2.613536031152365047e-03
2.871319503615142425e-03
2.563144147131319987e-03
1.623693119534259498e-03
2.121398349744435703e-03
2.328987305638477012e-03
2.359857810769664874e-03
2.980236733479245045e-03
2.554616958079000688e-03
2.938110500431127380e-03
2.996682108754991636e-03
3.309666953700466860e-03
2.626753793190711363e-03
1.900882004003414359e-03
3.070758180442096415e-03
3.207836958518527504e-03
3.532874291169551227e-03
3.100350656824788984e-03
2.500282568635415169e-03
1.618525823655352037e-03
2.979947673128468481e-03
2.645101702517936582e-03
2.526796963735349760e-03
2.704810105808691002e-03
2.506691814358781058e-03
2.469438183107775051e-03
2.423042227293724458e-03
2.566656426449600084e-03
2.146243427734873498e-03
2.790046241449701397e-03
2.203306082151724153e-03
2.008870970685029591e-03
2.582337340613054776e-03
2.549623336978929129e-03
3.287279019402662792e-03
3.045448610431120227e-03
2.120871835001750770e-03
2.037967365694369655e-03
2.001256112681626918e-03
3.234070512374108333e-03
2.758843648806138561e-03
2.502142142794450044e-03
2.397611959082081561e-03
3.477667326368944281e-03
3.126408517437880095e-03
2.646618839322693265e-03
2.552256651944828994e-03
2.922768512955343633e-03
2.858165610248260095e-03
2.801172840106783395e-03
2.063687320755228181e-03
1.942152879805878699e-03
2.389269323966953379e-03
3.118019227715876623e-03
2.544064692105797981e-03
1.616574803660245953e-03
1.612256517873413703e-03
1.788192041325600791e-03
2.307087198979352292e-03
2.393543052386336734e-03
2.345556086752725172e-03
2.588962718338766716e-03
1.828503718400656224e-03
2.244019388456755353e-03
2.439877301922665706e-03
2.129199248907255940e-03
2.003367597243985859e-03
2.124748569358889550e-03
2.080745595359347923e-03
2.123266307721134553e-03
2.498173467202324371e-03
2.254884437897050186e-03
2.111161794721505471e-03
1.837345612322102738e-03
2.203632590618577990e-03
2.299948180920257518e-03
2.330522762300900157e-03
2.211253083053151425e-03
2.131902682593059522e-03
2.654386407775940083e-03
2.299155108756841415e-03
2.304579368942622723e-03
2.476631756721306681e-03
3.139059033786667941e-03
2.265706019681459731e-03
2.771749880262209045e-03
3.237317558252263399e-03
2.690436578098326197e-03
3.134009455556901330e-03
2.778705709510592443e-03
2.662351330885549729e-03
3.422157070065422971e-03
3.031731773603237208e-03
2.527775574324493679e-03
3.098603021599523073e-03
2.963280316585032922e-03
2.839014053668439865e-03
3.636054379556197345e-03
2.800063488628165478e-03
3.018022442768548801e-03
3.251061257944647381e-03
2.633267429395337762e-03
2.760447620786584105e-03
2.887000368489511283e-03
2.970518239328021060e-03
3.254067122176989690e-03
3.000962108022941100e-03
3.617236639562793152e-03
3.853337916621656697e-03
3.080147928482093820e-03
3.047466606836185445e-03
3.433929259796559760e-03
2.738557360249984762e-03
2.857185806978010389e-03
3.139821336671844588e-03
3.442305006165966279e-03
4.002027727881959582e-03
3.139387868093446946e-03
3.154815077764341023e-03
3.742362269206779644e-03
3.405805647527790098e-03
3.535356501666213694e-03
3.582264874322327146e-03
3.422751853440155270e-03
4.242865319294061854e-03
2.889539299685382409e-03
3.383330838280620197e-03
4.393638325872951944e-03
3.887667603406603362e-03
5.044926853576021421e-03
4.161918652949690538e-03
3.877078185614533674e-03
3.621726354059965399e-03
3.209560197125844484e-03
4.233216247605180865e-03
3.595872326632985373e-03
3.362322175538181700e-03
4.226336183404190081e-03
3.833118630641504671e-03
3.814964906425959146e-03
3.773665212102286521e-03
2.141785147831568818e-03
2.575951252753996921e-03
2.549321464501541623e-03
2.992199058992523180e-03
2.985788341238097745e-03
4.239366799200754675e-03
4.094083749439679683e-03
1.624346915193063297e-03
2.375137440842650834e-03
2.363229783550141114e-03
3.060745009605836224e-03
3.505546901756525363e-03
3.645877608249816024e-03
3.463337026836276616e-03
3.770413378974564206e-03
4.336055772330084553e-03
3.685078294542444306e-03
2.442677749757743173e-03
2.877680268986786485e-03
3.945274067218234801e-03
3.835635641433734252e-03
3.821697936108372877e-03
4.063345496470568106e-03
2.709722371829766108e-03
2.862611604180263693e-03
3.492280022116587158e-03
2.907575437704698791e-03
4.024149755550437621e-03
5.222085166126920822e-03
2.409773296947617140e-03
2.762359358474109159e-03
3.520604286335761619e-03
3.422248555883500385e-03
3.184769195353571482e-03
3.150276778228558450e-03
3.055502351152849291e-03
3.154299000294589605e-03
3.463190221283741436e-03
2.727114852469954970e-03
1.760506287516072155e-03
2.343457114437479203e-03
3.020240634217830154e-03
2.946183482632245589e-03
2.645164249797471098e-03
2.763679604121339981e-03
2.767366617667652105e-03
2.556883503681581064e-03
2.857743263068936255e-03
3.652580979973721852e-03
2.120793952297500996e-03
1.745768216434330717e-03
2.408443354540502554e-03
2.720404832797245279e-03
2.438180753521573992e-03
1.818165402418682854e-03
1.694462820506162024e-03
2.039675577021002502e-03
2.177561978948352236e-03
2.066595901427728098e-03
2.196742316309958920e-03
2.062434176089759236e-03
2.158512719410110928e-03
2.289333537961726981e-03
2.300429589268540315e-03
2.216328545558373699e-03
2.415673875060756187e-03
2.382265274774295061e-03
2.530800054545310693e-03
2.496039784396644236e-03
2.147597215073071986e-03
2.091506871365807121e-03
1.920459180406163110e-03
1.950673682281843209e-03
2.058539696438464912e-03
2.324053282175139561e-03
2.344603343380468382e-03
2.286844705818303659e-03
2.198272986166600884e-03
2.282553205565119279e-03
2.373662079112720188e-03
2.266417480519297700e-03
2.233835790953619862e-03
2.154345254710611328e-03
2.127118778412873112e-03
2.131730616567658557e-03
2.144398839649687503e-03
1.990265978909362601e-03
1.826418585139158056e-03
1.664043155451895963e-03
1.868858204825802737e-03
2.131150827613780951e-03
2.202128447630466793e-03
2.113590282934083974e-03
1.800105985731727774e-03
1.852233074193356324e-03
2.004803160518649902e-03
1.914976501078200942e-03
1.703962365625364675e-03
1.677758278425251501e-03
1.671966336458805902e-03
1.638595177872726816e-03
1.474402985156188488e-03
1.364405224311198046e-03
1.310011086026480458e-03
1.227731744648539796e-03
1.069778473970929306e-03
1.109768236745618461e-03
1.050049901763145657e-03
1.036004072341796273e-03
9.954126916416139795e-04
9.892376213500829463e-04
