Wavenumber (cm^-1)	Intensity profile for Laser = Laser wrapper [Q0259] - LaserTune LT-OEM [Q0259]: PiF (V)	Valid:Intensity profile for Laser = Laser wrapper [Q0259] - LaserTune LT-OEM [Q0259]: PiF
770	1.74060820930131e-5	1
770.995412844037	1.67345325589747e-5	1
771.990825688073	2.03783663535328e-5	1
772.98623853211	2.1787716945147e-5	1
773.981651376147	2.2489380808066e-5	1
774.977064220183	2.12366247266312e-5	1
775.97247706422	2.72775591000887e-5	1
776.967889908257	2.69071528548567e-5	1
777.963302752293	2.72594905027603e-5	1
778.95871559633	3.10117358812887e-5	1
779.954128440367	3.25897267146345e-5	1
780.949541284403	3.40231687693532e-5	1
781.94495412844	3.49296100686607e-5	1
782.940366972476	4.01815490254452e-5	1
783.935779816513	4.00641031428107e-5	1
784.93119266055	4.03742807302814e-5	1
785.926605504586	4.05971267639981e-5	1
786.922018348623	4.75836510643079e-5	1
787.91743119266	4.40934003470411e-5	1
788.912844036696	4.80594574606221e-5	1
789.908256880733	4.65718096139182e-5	1
790.90366972477	4.7869737188674e-5	1
791.899082568806	4.82732691956747e-5	1
792.894495412843	4.82702577627866e-5	1
793.88990825688	4.81618461788163e-5	1
794.885321100916	5.07426441638876e-5	1
795.880733944953	4.72945535070537e-5	1
796.87614678899	4.78456457255695e-5	1
797.871559633026	4.93543736024898e-5	1
798.866972477063	5.25043324034053e-5	1
799.8623853211	4.51263218276472e-5	1
800.857798165136	5.06854269390144e-5	1
801.853211009173	5.15768110738815e-5	1
802.848623853209	4.84569666018466e-5	1
803.844036697246	4.73939307923598e-5	1
804.839449541283	4.97036998175053e-5	1
805.83486238532	4.35091823667566e-5	1
806.830275229356	5.13178278455079e-5	1
807.825688073393	4.67434612885379e-5	1
808.821100917429	5.05137752643947e-5	1
809.816513761466	5.1880965795576e-5	1
810.811926605503	4.72252905506282e-5	1
811.807339449539	4.75987082287482e-5	1
812.802752293576	4.73758621950314e-5	1
813.798165137613	5.08420214491937e-5	1
814.793577981649	5.35643567800041e-5	1
815.788990825686	5.41696547905051e-5	1
816.784403669723	5.27332013028983e-5	1
817.779816513759	5.86356097635048e-5	1
818.775229357796	5.84519123573328e-5	1
819.770642201832	5.71479619168009e-5	1
820.766055045869	5.97167141703199e-5	1
821.761467889906	5.77321798970854e-5	1
822.756880733943	6.0186497700858e-5	1
823.752293577979	6.02557606572835e-5	1
824.747706422016	6.26889984308396e-5	1
825.743119266052	6.21559748096522e-5	1
826.738532110089	6.32973078742287e-5	1
827.733944954126	6.51854762950451e-5	1
828.729357798162	7.007905473815e-5	1
829.724770642199	6.74591081255339e-5	1
830.720183486236	6.79409373876242e-5	1
831.715596330272	6.81517376897887e-5	1
832.711009174309	7.21930806255713e-5	1
833.706422018346	7.53400279935988e-5	1
834.701834862382	7.52496850069569e-5	1
835.697247706419	7.71047276660046e-5	1
836.692660550456	7.70806362029001e-5	1
837.688073394492	8.16911399545269e-5	1
838.683486238529	8.2112740558856e-5	1
839.678899082566	8.61781749577431e-5	1
840.674311926602	9.14572168105202e-5	1
841.669724770639	8.58168030111754e-5	1
842.665137614675	8.68828502535502e-5	1
843.660550458712	9.33905567246577e-5	1
844.655963302749	9.75132083484181e-5	1
845.651376146786	9.38302259263151e-5	1
846.646788990822	9.57485086760122e-5	1
847.642201834859	1.03301182359278e-4	1
848.637614678895	1.01181133606081e-4	1
849.633027522932	1.05237533706304e-4	1
850.628440366969	1.0692393612362e-4	1
851.623853211005	1.09709511545079e-4	1
852.619266055042	1.08989779084832e-4	1
853.614678899079	1.11040564881604e-4	1
854.610091743115	1.17171842241703e-4	1
855.605504587152	1.19776731689879e-4	1
856.600917431189	1.21074659264635e-4	1
857.596330275225	1.26892747604376e-4	1
858.591743119262	1.3295476200805e-4	1
859.587155963299	1.35150096583449e-4	1
860.582568807335	1.33816031814036e-4	1
861.577981651372	1.36173983765391e-4	1
862.573394495409	1.3958292579468e-4	1
863.568807339445	1.48051075075917e-4	1
864.564220183482	1.41928832014482e-4	1
865.559633027518	1.48126360898119e-4	1
866.555045871555	1.51601554450945e-4	1
867.550458715592	1.38381364072342e-4	1
868.545871559628	1.39263713908545e-4	1
869.541284403665	1.30879884748173e-4	1
870.536697247702	1.36893716225638e-4	1
871.532110091738	1.36743144581235e-4	1
872.527522935775	1.35562662889114e-4	1
873.522935779812	1.34490592780963e-4	1
874.518348623848	1.42184803809968e-4	1
875.513761467885	1.43606200133134e-4	1
876.509174311922	1.43154485199924e-4	1
877.504587155958	1.45382945537092e-4	1
878.499999999995	1.48267898243858e-4	1
879.495412844032	1.49785660419442e-4	1
880.490825688068	1.52616407334223e-4	1
881.486238532105	1.59873960594459e-4	1
882.481651376142	1.55663977416944e-4	1
883.477064220178	1.57278105444947e-4	1
884.472477064215	1.57750900408373e-4	1
885.467889908252	1.56766161853976e-4	1
886.463302752288	1.61641671699753e-4	1
887.458715596325	1.61852472001917e-4	1
888.454128440361	1.57166682428089e-4	1
889.449541284398	1.5892234780183e-4	1
890.444954128435	1.61990997914768e-4	1
891.440366972471	1.57666580287507e-4	1
892.435779816508	1.6340335993927e-4	1
893.431192660545	1.65990180790118e-4	1
894.426605504581	1.65421019974274e-4	1
895.422018348618	1.6433690413457e-4	1
896.417431192655	1.62325266965343e-4	1
897.412844036691	1.58015906502523e-4	1
898.408256880728	1.64746459007347e-4	1
899.403669724765	1.63072102321583e-4	1
900.399082568801	1.60900859209289e-4	1
901.394495412838	1.61135750974558e-4	1
902.389908256875	1.63791834781831e-4	1
903.385321100911	1.65676991769759e-4	1
904.380733944948	1.6740254281462e-4	1
905.376146788985	1.69393099953631e-4	1
906.371559633021	1.68561944476525e-4	1
907.366972477058	1.68453532892555e-4	1
908.362385321094	1.69555717329586e-4	1
909.357798165131	1.64930156413519e-4	1
910.353211009168	1.6713753672047e-4	1
911.348623853204	1.70356758477811e-4	1
912.344036697241	1.62117478096067e-4	1
913.339449541278	1.66309392676253e-4	1
914.334862385314	1.68938373587533e-4	1
915.330275229351	1.65689037501311e-4	1
916.325688073388	1.65743243293296e-4	1
917.321100917424	1.65399939944057e-4	1
918.316513761461	1.5350779146909e-4	1
919.311926605498	1.51953892098849e-4	1
920.307339449534	1.51881617709535e-4	1
921.302752293571	1.42627484444513e-4	1
922.298165137608	1.42497992830326e-4	1
923.293577981644	1.41642745890116e-4	1
924.288990825681	1.50216295322436e-4	1
925.284403669718	1.56844459109066e-4	1
926.279816513754	1.58997633624032e-4	1
927.275229357791	1.5694684782726e-4	1
928.270642201827	1.69552705896698e-4	1
929.266055045864	1.76617527452098e-4	1
930.261467889901	1.82860227829055e-4	1
931.256880733937	1.76638607482314e-4	1
932.252293577974	1.80649836089216e-4	1
933.247706422011	1.819658322613e-4	1
934.243119266047	1.72898407835338e-4	1
935.238532110084	1.77478797258084e-4	1
936.233944954121	1.80487218713261e-4	1
937.229357798157	1.85781317730478e-4	1
938.224770642194	1.82218792623898e-4	1
939.220183486231	1.85642791817627e-4	1
940.215596330267	1.80619721760335e-4	1
941.211009174304	1.86329398516106e-4	1
942.20642201834	1.88121201084504e-4	1
943.201834862377	1.93848946437603e-4	1
944.197247706414	1.94806582096007e-4	1
945.192660550451	1.92412492949996e-4	1
946.188073394487	1.87964606574325e-4	1
947.183486238524	1.93921220826916e-4	1
948.17889908256	2.01338380030219e-4	1
949.174311926597	1.97188625510466e-4	1
950.169724770634	1.96751967741697e-4	1
951.16513761467	1.96291218509823e-4	1
952.160550458707	1.96224966986286e-4	1
953.155963302744	1.89602826065432e-4	1
954.15137614678	1.98218535558185e-4	1
955.146788990817	1.88880082172296e-4	1
956.142201834854	1.90705010502463e-4	1
957.13761467889	1.94138043994857e-4	1
958.133027522927	1.86615484640472e-4	1
959.128440366964	1.8931071707529e-4	1
960.123853211	1.8697685658704e-4	1
961.119266055037	1.87524937372667e-4	1
962.114678899074	1.86964810855487e-4	1
963.11009174311	1.88886105038072e-4	1
964.105504587147	1.86217975499247e-4	1
965.100917431183	1.88322967088004e-4	1
966.09633027522	1.91801172073719e-4	1
967.091743119257	1.85739157670045e-4	1
968.087155963293	1.92523915966854e-4	1
969.08256880733	1.93291831353311e-4	1
970.077981651367	1.91707817654189e-4	1
971.073394495403	1.91024222388598e-4	1
972.06880733944	1.96351447167585e-4	1
973.064220183477	1.93065973886706e-4	1
974.059633027513	1.92481755906422e-4	1
975.05504587155	1.90042495267089e-4	1
976.050458715587	1.87979663738765e-4	1
977.045871559623	1.90015392371097e-4	1
978.04128440366	1.90611656082933e-4	1
979.036697247697	1.83793772024355e-4	1
980.032110091733	1.86796170613756e-4	1
981.02752293577	1.87311125637615e-4	1
982.022935779807	1.88319955655116e-4	1
983.018348623843	1.87546017402884e-4	1
984.01376146788	1.97444597305952e-4	1
985.009174311917	1.93174385470676e-4	1
986.004587155953	1.93207511232445e-4	1
986.99999999999	1.86100529616613e-4	1
989	4.1383110747783e-5	1
989.997229916898	4.40301602563917e-5	1
990.994459833795	4.05971267639981e-5	1
991.991689750692	4.03381435356246e-5	1
992.98891966759	3.95371023873994e-5	1
993.986149584488	4.33164506619204e-5	1
994.983379501385	4.39729430315185e-5	1
995.980609418282	4.59906030665217e-5	1
996.97783933518	4.03622349987291e-5	1
997.975069252077	4.53672364586924e-5	1
998.972299168975	4.53461564284759e-5	1
999.969529085872	4.4557161011803e-5	1
1000.96675900277	4.26177982318895e-5	1
1001.96398891967	4.67314155569856e-5	1
1002.96121883656	4.48432471361691e-5	1
1003.95844875346	4.30574674335469e-5	1
1004.95567867036	4.68759643356127e-5	1
1005.95290858726	4.65085695232688e-5	1
1006.95013850415	4.77342227087111e-5	1
1007.94736842105	4.58882143483275e-5	1
1008.94459833795	4.83937265111973e-5	1
1009.94182825485	4.92519848842956e-5	1
1010.93905817174	4.97759742068189e-5	1
1011.93628808864	4.56141739555137e-5	1
1012.93351800554	5.17032912551802e-5	1
1013.93074792244	4.86978812328918e-5	1
1014.92797783933	4.33646335881295e-5	1
1015.92520775623	5.22001776817108e-5	1
1016.92243767313	4.9128516135885e-5	1
1017.91966759003	4.70265359800159e-5	1
1018.91689750692	4.55057623715434e-5	1
1019.91412742382	4.98783629250131e-5	1
1020.91135734072	5.13389078757244e-5	1
1021.90858725762	4.39157258066453e-5	1
1022.90581717451	5.14864680872395e-5	1
1023.90304709141	4.8240143433906e-5	1
1024.90027700831	4.76258111247408e-5	1
1025.89750692521	4.84629894676227e-5	1
1026.8947368421	4.74692166145614e-5	1
1027.891966759	5.1459365191247e-5	1
1028.8891966759	5.06101411168127e-5	1
1029.8864265928	4.18860200400898e-5	1
1030.8836565097	3.91998219039362e-5	1
1031.88088642659	5.20767089333002e-5	1
1032.87811634349	4.55117852373195e-5	1
1033.87534626039	4.2316654943083e-5	1
1034.87257617729	4.86918583671156e-5	1
1035.86980609418	4.51112646632069e-5	1
1036.86703601108	4.1708345499694e-5	1
1037.86426592798	4.23467692719636e-5	1
1038.86149584488	4.89478301626011e-5	1
1039.85872576177	4.64272608352911e-5	1
1040.85595567867	4.84810580649511e-5	1
1041.85318559557	4.0452577985371e-5	1
1042.85041551247	4.66139696743511e-5	1
1043.84764542936	4.7917920114883e-5	1
1044.84487534626	3.9892451468191e-5	1
1045.84210526316	4.08651442910359e-5	1
1046.83933518006	4.84208294071898e-5	1
1047.83656509695	4.63489635802014e-5	1
1048.83379501385	4.40301602563917e-5	1
1049.83102493075	4.02387662503185e-5	1
1050.82825484765	4.3298382064592e-5	1
1051.82548476454	4.51383675591995e-5	1
1052.82271468144	3.85252609370097e-5	1
1053.81994459834	4.20215345200527e-5	1
1054.81717451524	4.8240143433906e-5	1
1055.81440443214	4.47137555219824e-5	1
1056.81163434903	4.08139499319388e-5	1
1057.80886426593	4.16691968721491e-5	1
1058.80609418283	4.35182166654207e-5	1
1059.80332409973	3.82692891415242e-5	1
1060.80055401662	3.98954629010791e-5	1
1061.79778393352	3.76218310705904e-5	1
1062.79501385042	4.2364837869292e-5	1
1063.79224376732	4.27472898460762e-5	1
1064.78947368421	3.87571412693907e-5	1
1065.78670360111	3.80735460038e-5	1
1066.78393351801	3.83174720677333e-5	1
1067.78116343491	4.4650515431333e-5	1
1068.7783933518	3.49597243975413e-5	1
1069.7756232687	3.68358470868055e-5	1
1070.7728531856	3.68870414459026e-5	1
1071.7700831025	3.88113470613759e-5	1
1072.76731301939	3.65738524255439e-5	1
1073.76454293629	3.76188196377023e-5	1
1074.76177285319	3.57577541128784e-5	1
1075.75900277009	3.32281504869042e-5	1
1076.75623268698	3.96003424780488e-5	1
1077.75346260388	3.81759347219942e-5	1
1078.75069252078	3.18910742846035e-5	1
1079.74792243768	3.49567129646532e-5	1
1080.74515235457	3.3824414198741e-5	1
1081.74238227147	3.39237914840471e-5	1
1082.73961218837	3.50591016828474e-5	1
1083.73684210527	3.59625315492668e-5	1
1084.73407202217	3.53120620454449e-5	1
1085.73130193906	2.99788144006826e-5	1
1086.72853185596	2.48593784909728e-5	1
1087.72576177286	3.0048077357108e-5	1
1088.72299168976	3.02408090619442e-5	1
1089.72022160665	3.05268951863103e-5	1
1090.71745152355	3.04726893943251e-5	1
1091.71468144045	2.55610423538919e-5	1
1092.71191135735	2.92440247759948e-5	1
1093.70914127424	3.33004248762177e-5	1
1094.70637119114	2.84038350002248e-5	1
1095.70360110804	2.93434020613009e-5	1
1096.70083102494	2.85273037486354e-5	1
1097.69806094183	2.8741115483688e-5	1
1098.69529085873	2.8322526312247e-5	1
1099.69252077563	2.63831635323335e-5	1
1100.68975069253	2.31940561038731e-5	1
1101.68698060942	2.77563769292909e-5	1
1102.68421052632	2.77834798252835e-5	1
1103.68144044322	2.44136864235393e-5	1
1104.67867036012	2.81448517718512e-5	1
1105.67590027701	2.71932389792228e-5	1
1106.67313019391	2.82080918625006e-5	1
1107.67036011081	2.52117161388764e-5	1
1108.66759002771	2.02247832762415e-5	1
1109.6648199446	1.73910249285728e-5	1
1110.6620498615	2.33175248522838e-5	1
1111.6592797784	2.58200255822654e-5	1
1112.6565096953	2.06403610147944e-5	1
1113.6537396122	2.4263114779136e-5	1
1114.65096952909	2.25616551973796e-5	1
1115.64819944599	1.9035267285456e-5	1
1116.64542936289	1.94628907555612e-5	1
1117.64265927979	1.69122070993705e-5	1
1118.63988919668	1.50451187087705e-5	1
1119.63711911358	1.59485485751898e-5	1
1120.63434903048	1.96315309972928e-5	1
1121.63157894738	1.77584197409166e-5	1
1122.62880886427	1.72374418512815e-5	1
1123.62603878117	1.56203023903908e-5	1
1124.62326869807	1.80716087612753e-5	1
1125.62049861497	1.53071133700321e-5	1
1126.61772853186	1.4927672826136e-5	1
1127.61495844876	1.71199959686469e-5	1
1128.61218836566	1.3205133214163e-5	1
1129.60941828256	1.55480280010773e-5	1
1130.60664819945	1.63520805821905e-5	1
1131.60387811635	1.39459457046269e-5	1
1132.60110803325	1.08532041285846e-5	1
1133.59833795015	1.51715988900692e-5	1
1134.59556786704	1.88997528054931e-5	1
1135.59279778394	1.05490494068901e-5	1
1136.59002770084	1.20156172233775e-5	1
1137.58725761774	9.70885963112009e-6	1
1138.58448753464	1.23528977068408e-5	1
1139.58171745153	1.3391842053223e-5	1
1140.57894736843	1.17747025923324e-5	1
1141.57617728533	1.12386675382569e-5	1
1142.57340720223	9.99193432259816e-6	1
1143.57063711912	1.24342063948185e-5	1
1144.56786703602	1.40182200939405e-5	1
1145.56509695292	9.657665272023e-6	1
1146.56232686982	8.64883525452137e-6	1
1147.55955678671	1.18590227131982e-5	1
1148.55678670361	1.16542452768098e-5	1
1149.55401662051	9.4197620738659e-6	1
1150.55124653741	1.28136469387146e-5	1
1151.5484764543	1.12025303436001e-5	1
1152.5457063712	1.05791637357707e-5	1
1153.5429362881	8.86866985535009e-6	1
1154.540166205	9.73596252711267e-6	1
1155.53739612189	1.11934960449359e-5	1
1156.53462603879	1.20878916126911e-5	1
1157.53185595569	7.03771865940684e-6	1
1158.52908587259	1.26329609654308e-5	1
1159.52631578948	1.20969259113553e-5	1
1160.52354570638	8.2392803817446e-6	1
1161.52077562328	1.07718954406069e-5	1
1162.51800554018	1.00672201447998e-5	1
1163.51523545708	1.41567460067914e-5	1
1164.51246537397	1.07749068734949e-5	1
1165.50969529087	1.04617178531362e-5	1
1166.50692520777	1.16030509177127e-5	1
1167.50415512467	1.01876774603224e-5	1
1168.50138504156	8.1459259622146e-6	1
1169.49861495846	1.17927711896608e-5	1
1170.49584487536	1.24372178277066e-5	1
1171.49307479226	1.13199762262346e-5	1
1172.49030470915	1.07116667828456e-5	1
1173.48753462605	1.02057460576507e-5	1
1174.48476454295	9.37459058054493e-6	1
1175.48199445985	8.63678952296912e-6	1
1176.47922437674	1.30244472408792e-5	1
1177.47645429364	9.65164240624687e-6	1
1178.47368421054	1.17536225621159e-5	1
1179.47091412744	1.3482185039865e-5	1
1180.46814404433	1.4978867185233e-5	1
1181.46537396123	1.34671278754246e-5	1
1182.46260387813	1.32322361101556e-5	1
1183.45983379503	1.40603801543734e-5	1
1184.45706371192	1.29792757475582e-5	1
1185.45429362882	1.25365951130127e-5	1
1186.45152354572	1.24492635592588e-5	1
1187.44875346262	1.19072056394072e-5	1
1188.44598337952	1.45632894466801e-5	1
1189.44321329641	1.11874731791598e-5	1
1190.44044321331	1.19222628038475e-5	1
1191.43767313021	1.07207010815098e-5	1
1192.43490304711	1.38887284797537e-5	1
1193.432132964	1.28407498347072e-5	1
1194.4293628809	9.64561954047074e-6	1
1195.4265927978	1.42591347249856e-5	1
1196.4238227147	1.48674441683747e-5	1
1197.42105263159	1.40543572885972e-5	1
1198.41828254849	1.24673321565872e-5	1
1199.41551246539	1.35363908318501e-5	1
1200.41274238229	8.32058906972234e-6	1
1201.40997229918	1.30003557777746e-5	1
1202.40720221608	9.59442518137364e-6	1
1203.40443213298	1.47620440172924e-5	1
1204.40166204988	1.28979670595804e-5	1
1205.39889196677	1.22926690490795e-5	1
1206.39612188367	1.50541530074347e-5	1
1207.39335180057	8.95600140910396e-6	1
1208.39058171747	1.18620341460862e-5	1
1209.38781163436	1.52649533095992e-5	1
1210.38504155126	1.11814503133837e-5	1
1211.38227146816	1.36598595802608e-5	1
1212.37950138506	1.36990082078056e-5	1
1213.37673130195	1.08351355312562e-5	1
1214.37396121885	1.11814503133837e-5	1
1215.37119113575	1.18108397869891e-5	1
1216.36842105265	1.32352475430437e-5	1
1217.36565096955	1.02298375207553e-5	1
1218.36288088644	1.32834304692527e-5	1
1219.36011080334	1.28708641635879e-5	1
1220.35734072024	9.80522548353816e-6	1
1221.35457063714	1.3063595868424e-5	1
1222.35180055403	1.26630752943114e-5	1
1223.34903047093	7.01061576341426e-6	1
1224.34626038783	9.90761420173235e-6	1
1225.34349030473	1.15127079310708e-5	1
1226.34072022162	1.0732746813062e-5	1
1227.33795013852	6.44446638045813e-6	1
1228.33518005542	7.71830249210943e-6	1
1229.33240997232	1.11272445213985e-5	1
1230.32963988921	8.29348617372976e-6	1
1231.32686980611	1.04587064202482e-5	1
1232.32409972301	1.31810417510585e-5	1
1233.32132963991	9.79619118487397e-6	1
1234.3185595568	1.13290105248988e-5	1
1235.3157894737	6.07406013522619e-6	1
1236.3130193906	7.72733679077362e-6	1
1237.3102493075	1.06183123633156e-5	1
1238.30747922439	9.66971100357526e-6	1
1239.30470914129	6.065025836562e-6	1
1240.30193905819	1.27594411467295e-5	1
1241.29916897509	7.3810220086462e-6	1
1242.29639889199	9.37760201343299e-6	1
1243.29362880888	1.02870547456285e-5	1
1244.29085872578	7.73335965654975e-6	1
1245.28808864268	1.0079265876352e-5	1
1246.28531855958	1.17777140252204e-5	1
1247.28254847647	1.0169608862994e-5	1
1248.27977839337	1.32171789457153e-5	1
1249.27700831027	1.54938222090921e-5	1
1250.27423822717	1.52529075780469e-5	1
1251.27146814406	1.51776217558453e-5	1
1252.26869806096	1.95863595039718e-5	1
1253.26592797786	1.8291443362104e-5	1
1254.26315789476	2.13570820421538e-5	1
1255.26038781165	1.76259166938418e-5	1
1256.25761772855	1.76590424556105e-5	1
1257.25484764545	2.08752527800634e-5	1
1258.25207756235	2.45130637088454e-5	1
1259.24930747924	3.00781916859887e-5	1
1260.24653739614	2.48563670580848e-5	1
1261.24376731304	2.39469143258893e-5	1
1262.24099722994	2.49798358064954e-5	1
1263.23822714683	2.45913609639351e-5	1
1264.23545706373	2.99758029677945e-5	1
1265.23268698063	3.004506592422e-5	1
1266.22991689753	2.99878486993467e-5	1
1267.22714681443	3.47639812598171e-5	1
1268.22437673132	3.18067541637377e-5	1
1269.22160664822	2.7994280127448e-5	1
1270.21883656512	3.80916146011284e-5	1
1271.21606648202	3.29360414967619e-5	1
1272.21329639891	3.43484035212642e-5	1
1273.21052631581	3.54837137200645e-5	1
1274.20775623271	3.31016703056055e-5	1
1275.20498614961	3.28366642114558e-5	1
1276.2022160665	3.75043851879558e-5	1
1277.1994459834	3.32432076513445e-5	1
1278.1966759003	4.07236069452969e-5	1
1279.1939058172	3.8582478161883e-5	1
1280.19113573409	3.55228623476094e-5	1
1281.18836565099	4.53341106969237e-5	1
1282.18559556789	3.81729232891062e-5	1
1283.18282548479	3.74953508892917e-5	1
1284.18005540168	4.30243416717782e-5	1
1285.17728531858	3.73477906777765e-5	1
1286.17451523548	3.99888173206091e-5	1
1287.17174515238	3.86457182525323e-5	1
1288.16897506927	3.3824414198741e-5	1
1289.16620498617	3.78446771043071e-5	1
1290.16343490307	3.41014660244429e-5	1
1291.16066481997	3.11833875559084e-5	1
1292.15789473686	3.5083193145952e-5	1
1293.15512465376	3.51735361325939e-5	1
1294.15235457066	3.44839180012271e-5	1
1295.14958448756	3.46917068705036e-5	1
1296.14681440446	3.82903691717407e-5	1
1297.14404432135	3.62787320025136e-5	1
1298.14127423825	3.471278690072e-5	1
1299.13850415515	3.33787221313074e-5	1
1300.13573407205	3.89438501084507e-5	1
1301.13296398894	2.9999894430899e-5	1
1302.13019390584	3.405930596401e-5	1
1303.12742382274	3.25776809830822e-5	1
1304.12465373964	2.64283350256544e-5	1
1305.12188365653	3.5318084911221e-5	1
1306.11911357343	3.80886031682404e-5	1
1307.11634349033	3.15266909051477e-5	1
1308.11357340723	3.13881649922968e-5	1
1309.11080332412	3.04787122601013e-5	1
1310.10803324102	2.38836742352399e-5	1
1311.10526315792	3.34208821917403e-5	1
1312.10249307482	2.94608479439354e-5	1
1313.09972299171	3.13189020358713e-5	1
1314.09695290861	2.92681162390993e-5	1
1315.09418282551	2.66903296869161e-5	1
1316.09141274241	2.23869920898718e-5	1
1317.0886426593	2.66240781633786e-5	1
1318.0858725762	2.94939737057042e-5	1
1319.0831024931	2.44287435879796e-5	1
1320.08033241	2.60067344213254e-5	1
1321.07756232689	2.66933411198041e-5	1
1322.07479224379	2.43384006013377e-5	1
1323.07202216069	2.10619616191234e-5	1
1324.06925207759	2.67716383748938e-5	1
1325.06648199449	2.80966688456422e-5	1
1326.06371191138	2.31217817145596e-5	1
1327.06094182828	2.02277947091296e-5	1
1328.05817174518	2.41426574636135e-5	1
1329.05540166208	2.00079601083008e-5	1
1330.05263157897	1.91346445707621e-5	1
1331.04986149587	1.91165759734337e-5	1
1332.04709141277	2.63470263376767e-5	1
1333.04432132967	2.2302671969006e-5	1
1334.04155124656	2.04024578166373e-5	1
1335.03878116346	1.98664227625618e-5	1
1336.03601108036	1.61593488773544e-5	1
1337.03324099726	1.39218542415224e-5	1
1338.03047091415	9.87147700707558e-6	1
1339.02770083105	1.15729365888321e-5	1
1340.02493074795	1.90412901512321e-5	1
1341.02216066485	1.8800375520187e-5	1
1342.01939058174	1.39820828992837e-5	1
1343.01662049864	1.61352574142498e-5	1
1344.01385041554	1.44578892955979e-5	1
1345.01108033244	1.42049289330005e-5	1
1346.00831024933	1.46355638359937e-5	1
1347.00554016623	8.69099531495428e-6	1
1348.00277008313	9.87749987285171e-6	1
1349.00000000003	1.26480181298711e-5	1
1351	1.70838587739902e-5	1
1351.99676375405	1.37261111037982e-5	1
1352.99352750809	1.49065927959195e-5	1
1353.99029126214	1.67766926194076e-5	1
1354.98705501618	1.48885241985911e-5	1
1355.98381877023	1.58702513201002e-5	1
1356.98058252427	1.79571743115289e-5	1
1357.97734627832	1.94207306951283e-5	1
1358.97411003236	2.07246811356602e-5	1
1359.97087378641	1.96194852657405e-5	1
1360.96763754045	1.42922604867543e-5	1
1361.9644012945	1.54516621486592e-5	1
1362.96116504854	2.89157785911958e-5	1
1363.95792880259	2.44136864235393e-5	1
1364.95469255663	2.70727816637003e-5	1
1365.95145631068	2.71420446201257e-5	1
1366.94822006473	2.41095317018447e-5	1
1367.94498381877	2.5753774058728e-5	1
1368.94174757282	2.25586437644915e-5	1
1369.93851132686	2.77262626004103e-5	1
1370.93527508091	3.37732198396439e-5	1
1371.93203883495	2.20376658748563e-5	1
1372.928802589	2.14534478945718e-5	1
1373.92556634304	2.73106848618574e-5	1
1374.92233009709	2.59977001226612e-5	1
1375.91909385113	2.7108918858357e-5	1
1376.91585760518	3.14514050829461e-5	1
1377.91262135922	3.33425849366507e-5	1
1378.90938511327	2.9394596420398e-5	1
1379.90614886731	3.19031200161558e-5	1
1380.90291262136	3.004506592422e-5	1
1381.89967637541	2.88164013058896e-5	1
1382.89644012945	3.23247206204848e-5	1
1383.8932038835	3.44267007763539e-5	1
1384.88996763754	3.02438204948322e-5	1
1385.88673139159	2.48744356554131e-5	1
1386.88349514563	2.85784981077325e-5	1
1387.88025889968	2.93343677626367e-5	1
1388.87702265372	2.94548250781593e-5	1
1389.87378640777	3.47519355282649e-5	1
1390.87055016181	3.275234409059e-5	1
1391.86731391586	3.27914927181348e-5	1
1392.8640776699	2.66210667304906e-5	1
1393.86084142395	2.34560507651347e-5	1
1394.85760517799	3.18820399859393e-5	1
1395.85436893204	3.51012617432803e-5	1
1396.85113268609	3.15387366367e-5	1
1397.84789644013	2.7669045375537e-5	1
1398.84466019418	3.41827747124207e-5	1
1399.84142394822	3.39418600813755e-5	1
1400.83818770227	3.65166352006707e-5	1
1401.83495145631	3.17224340428719e-5	1
1402.83171521036	3.18880628517155e-5	1
1403.8284789644	3.0933438626199e-5	1
1404.82524271845	3.60107144754758e-5	1
1405.82200647249	3.82512205441959e-5	1
1406.81877022654	3.91365818132868e-5	1
1407.81553398058	3.55770681395945e-5	1
1408.81229773463	3.77181969230084e-5	1
1409.80906148867	3.37400940778752e-5	1
1410.80582524272	3.62546405394091e-5	1
1411.80258899677	3.86396953867562e-5	1
1412.79935275081	3.76941054599039e-5	1
1413.79611650486	3.39057228867187e-5	1
1414.7928802589	2.76539882110967e-5	1
1415.78964401295	3.08340613408929e-5	1
1416.78640776699	2.96776711118761e-5	1
1417.78317152104	2.68951071233045e-5	1
1418.77993527508	3.36045795979123e-5	1
1419.77669902913	3.74983623221797e-5	1
1420.77346278317	3.83656549939423e-5	1
1421.77022653722	3.61492403883268e-5	1
1422.76699029126	3.83355406650617e-5	1
1423.76375404531	4.36356625480553e-5	1
1424.76051779935	4.31749133161814e-5	1
1425.7572815534	4.7119890399546e-5	1
1426.75404530745	4.69783530538069e-5	1
1427.75080906149	3.70978417480671e-5	1
1428.74757281554	4.19522715636272e-5	1
1429.74433656958	4.59785573349695e-5	1
1430.74110032363	4.85412867227124e-5	1
1431.73786407767	4.99897859418715e-5	1
1432.73462783172	4.90953903741163e-5	1
1433.73139158576	4.14072022108875e-5	1
1434.72815533981	3.26318867750674e-5	1
1435.72491909385	4.69873873524711e-5	1
1436.7216828479	5.68648872253228e-5	1
1437.71844660194	5.76267797460031e-5	1
1438.71521035599	5.95661425259167e-5	1
1439.71197411003	6.03852522714703e-5	1
1440.70873786408	5.8039346051668e-5	1
1441.70550161813	6.06713383958364e-5	1
1442.70226537217	6.13187964667703e-5	1
1443.69902912622	6.270405559528e-5	1
1444.69579288026	6.36616912536845e-5	1
1445.69255663431	5.41756776562812e-5	1
1446.68932038835	5.94727881063867e-5	1
1447.6860841424	6.61069747587929e-5	1
1448.68284789644	6.67122727692939e-5	1
1449.67961165049	6.95610882814029e-5	1
1450.67637540453	7.04223580873894e-5	1
1451.67313915858	7.34759510358868e-5	1
1452.66990291262	5.91957362806848e-5	1
1453.66666666667	6.03370693452612e-5	1
1454.66343042071	3.75676252786052e-5	1
1455.66019417476	4.96826197872889e-5	1
1456.65695792881	5.44617637806473e-5	1
1457.65372168285	6.53029221776797e-5	1
1458.6504854369	7.8800164381985e-5	1
1459.64724919094	7.69662017531537e-5	1
1460.64401294499	8.31637306367905e-5	1
1461.64077669903	7.53912223526959e-5	1
1462.63754045308	5.67263613124719e-5	1
1463.63430420712	7.06753184499868e-5	1
1464.63106796117	8.44044409866731e-5	1
1465.62783171521	8.35853312411195e-5	1
1466.62459546926	9.02917922828393e-5	1
1467.6213592233	9.10928334310644e-5	1
1468.61812297735	8.51061048495921e-5	1
1469.61488673139	6.61310662218974e-5	1
1470.61165048544	5.9066244666498e-5	1
1471.60841423949	7.02928664732026e-5	1
1472.60517799353	8.91926192786957e-5	1
1473.60194174758	8.1787505806945e-5	1
1474.59870550162	7.86977756637908e-5	1
1475.59546925567	9.96031427727348e-5	1
1476.59223300971	1.10929141864746e-4	1
1477.58899676376	1.08170669339279e-4	1
1478.5857605178	1.00268669440997e-4	1
1479.58252427185	1.01265453726946e-4	1
1480.57928802589	1.03716760097831e-4	1
1481.57605177994	1.08661532900033e-4	1
1482.57281553398	1.07143770724448e-4	1
1483.56957928803	1.06866718898747e-4	1
1484.56634304207	1.00566801296915e-4	1
1485.56310679612	8.21338205890724e-5	1
1486.55987055017	8.80723662443357e-5	1
1487.55663430421	7.0961404574353e-5	1
1488.55339805826	7.22292178202281e-5	1
1489.5501618123	9.14813082736248e-5	1
1490.54692556635	1.02677815751449e-4	1
1491.54368932039	9.8260043704658e-5	1
1492.54045307444	9.3267087976247e-5	1
1493.53721682848	8.2531329730297e-5	1
1494.53398058253	6.67694899941671e-5	1
1495.53074433657	8.74730910996109e-5	1
1496.52750809062	7.9501828244904e-5	1
1497.52427184466	8.38142001406124e-5	1
1498.52103559871	9.1770405830879e-5	1
1499.51779935275	9.3218905050038e-5	1
1500.5145631068	9.42819408595248e-5	1
1501.51132686085	9.37760201343299e-5	1
1502.50809061489	8.33143022811937e-5	1
1503.50485436894	5.74220023096148e-5	1
1504.50161812298	4.71018218022176e-5	1
1505.49838187703	3.47157983336081e-5	1
1506.49514563107	5.30524131890331e-5	1
1507.49190938512	6.25896211455335e-5	1
1508.48867313916	7.52316164096285e-5	1
1509.48543689321	9.08127701724744e-5	1
1510.48220064725	8.58198144440634e-5	1
1511.4789644013	8.86535727917322e-5	1
1512.47572815534	9.74740597208732e-5	1
1513.47249190939	8.9578082688368e-5	1
1514.46925566343	8.44496124799941e-5	1
1515.46601941748	6.12525449432329e-5	1
1516.46278317153	7.59182231081072e-5	1
1517.45954692557	9.59322060821842e-5	1
1518.45631067962	8.87770415401428e-5	1
1519.45307443366	6.13308421983225e-5	1
1520.44983818771	5.91656219518041e-5	1
1521.44660194175	7.12233992356146e-5	1
1522.4433656958	8.84277153251273e-5	1
1523.44012944984	7.76076369583114e-5	1
1524.43689320389	7.06783298828749e-5	1
1525.43365695793	8.3841303036605e-5	1
1526.43042071198	7.99023488190166e-5	1
1527.42718446602	8.08208358498763e-5	1
1528.42394822007	9.46041641785477e-5	1
1529.42071197411	8.23837695187818e-5	1
1530.41747572816	7.1009587500562e-5	1
1531.41423948221	5.73888765478461e-5	1
1532.41100323625	6.65707354235549e-5	1
1533.4077669903	7.8336403717223e-5	0
1534.40453074434	8.30914562474769e-5	1
1535.40129449839	7.19280745314217e-5	1
1536.39805825243	5.49917759689467e-5	1
1537.39482200648	3.52638791192358e-5	1
1538.39158576052	4.10879903247527e-5	1
1539.38834951457	5.48291585929912e-5	1
1540.38511326861	4.80986060881669e-5	1
1541.38187702266	5.78104771521751e-5	1
1542.3786407767	7.61651606049285e-5	1
1543.37540453075	6.4525972492559e-5	1
1544.37216828479	7.45721126071423e-5	1
1545.36893203884	8.87469272112621e-5	1
1546.36569579289	9.09151588906686e-5	1
1547.36245954693	8.71147305859312e-5	1
1548.35922330098	6.34388452199677e-5	1
1549.35598705502	7.76437741529682e-5	1
1550.35275080907	8.63799409612434e-5	1
1551.34951456311	8.63889752599076e-5	1
1552.34627831716	7.31958877772969e-5	1
1553.3430420712	6.9747797120463e-5	1
1554.33980582525	7.78907116497895e-5	1
1555.33656957929	5.74972881318164e-5	1
1556.33333333334	3.60890117305655e-5	1
1557.33009708738	3.6905110043231e-5	1
1558.32686084143	4.0825995663491e-5	1
1559.32362459547	6.88323215224913e-5	1
1560.32038834952	8.24108724147744e-5	1
1561.31715210357	8.28083815559989e-5	1
1562.31391585761	7.99655889096659e-5	1
1563.31067961166	7.56110569535246e-5	1
1564.3074433657	8.66750613842737e-5	1
1565.30420711975	8.97346771985473e-5	1
1566.30097087379	7.55508282957633e-5	1
1567.29773462784	5.97769428280812e-5	1
1568.29449838188	7.33253793914836e-5	1
1569.29126213593	8.22512664717069e-5	1
1570.28802588997	9.08007244409222e-5	1
1571.28478964402	8.48471216212186e-5	1
1572.28155339806	7.96102398288743e-5	1
1573.27831715211	7.67162528234443e-5	1
1574.27508090615	5.1417205130814e-5	1
1575.2718446602	6.05538925132019e-5	1
1576.26860841425	8.13267565750711e-5	1
1577.26537216829	8.33353823114102e-5	1
1578.26213592234	8.19681917802289e-5	1
1579.25889967638	9.09633418168777e-5	1
1580.25566343043	8.46965499768153e-5	1
1581.25242718447	8.41032976978666e-5	1
1582.24919093852	8.93070537284422e-5	1
1583.24595469256	8.53018479873163e-5	1
1584.24271844661	8.73195080223196e-5	1
1585.23948220065	8.64100552901241e-5	1
1586.2362459547	7.89507360263882e-5	1
1587.23300970874	8.01312177185095e-5	1
1588.22977346279	8.4820018725226e-5	1
1589.22653721683	7.89718160566046e-5	1
1590.22330097088	8.41544920569637e-5	1
1591.22006472493	8.26849128075882e-5	1
1592.21682847897	8.06943556685776e-5	1
1593.21359223302	8.50850248193757e-5	1
1594.21035598706	7.8613455542925e-5	1
1595.20711974111	8.46182527217257e-5	1
1596.20388349515	8.78916802710518e-5	1
1597.2006472492	7.80382718613046e-5	1
1598.19741100324	8.15164768470192e-5	1
1599.19417475729	8.23175179952444e-5	1
1600.19093851133	7.61621491720404e-5	1
1601.18770226538	7.4788935775083e-5	1
1602.18446601942	7.61109548129433e-5	1
1603.18122977347	7.8194866371484e-5	1
1604.17799352751	8.31185591434695e-5	1
1605.17475728156	7.50328618390162e-5	1
1606.17152103561	7.41685806001417e-5	1
1607.16828478965	7.21599548638026e-5	1
1608.1650485437	7.35843626198572e-5	1
1609.16181229774	7.4045111851731e-5	1
1610.15857605179	7.60898747827269e-5	1
1611.15533980583	7.43823923351943e-5	1
1612.15210355988	7.66530127327949e-5	1
1613.14886731392	6.6901993041242e-5	1
1614.14563106797	5.44256265859905e-5	1
1615.14239482201	3.19814172712455e-5	1
1616.13915857606	5.6639029758718e-5	1
1617.1359223301	6.43121607575064e-5	1
1618.13268608415	7.43402322747614e-5	1
1619.12944983819	7.44787581876123e-5	1
1620.12621359224	7.55478168628753e-5	1
1621.12297734629	6.4339263653499e-5	1
1622.11974110033	6.39839145727074e-5	1
1623.11650485438	6.55920197349339e-5	1
1624.11326860842	5.97769428280812e-5	1
1625.11003236247	5.8039346051668e-5	1
1626.10679611651	4.09765673078943e-5	1
1627.10355987056	6.11441333592625e-5	1
1628.1003236246	7.3623511247402e-5	1
1629.09708737865	6.9097327616641e-5	1
1630.09385113269	5.98281371871783e-5	1
1631.09061488674	5.70786989603754e-5	1
1632.08737864078	5.05559353248276e-5	1
1633.08414239483	4.82250862694656e-5	1
1634.08090614887	2.88856642623151e-5	1
1635.07766990292	5.16972683894041e-5	1
1636.07443365696	7.33374251230359e-5	1
1637.07119741101	7.04645181478223e-5	1
1638.06796116506	5.95962568547974e-5	1
1639.0647249191	6.0373206539918e-5	1
1640.06148867315	5.43653979282292e-5	1
1641.05825242719	4.88725443403995e-5	1
1642.05501618124	5.55699710834551e-5	1
1643.05177993528	5.35854368102205e-5	1
1644.04854368933	4.05579781364533e-5	1
1645.04530744337	4.09344072474614e-5	1
1646.04207119742	4.50871732001024e-5	1
1647.03883495146	4.76980855140543e-5	1
1648.03559870551	5.05709924892679e-5	1
1649.03236245955	3.54084278978629e-5	1
1650.0291262136	1.89389014330379e-5	1
1651.02588996765	2.32783762247389e-5	1
1652.02265372169	2.94457907794951e-5	1
1653.01941747574	3.8398780755711e-5	1
1654.01618122978	4.56472997172824e-5	1
1655.01294498383	4.63549864459776e-5	1
1656.00970873787	4.39940230617349e-5	1
1657.00647249192	4.59394087074247e-5	1
1658.00323624596	4.7402965091024e-5	1
1659.00000000001	4.17354483956865e-5	1
1661	3.34811108495016e-5	1
1662	3.48001184544739e-5	1
1663	4.01634804281169e-5	1
1664	4.42048233638995e-5	1
1665	4.1103047489193e-5	1
1666	4.24280779599414e-5	1
1667	3.50319987868549e-5	1
1668	1.8291443362104e-5	1
1669	2.40703830742999e-5	1
1670	4.01213203676839e-5	1
1671	3.60077030425878e-5	1
1672	4.53401335626998e-5	1
1673	4.60899803518279e-5	1
1674	2.30766102212386e-5	1
1675	2.7482336536477e-5	1
1676	5.32210534307647e-5	1
1677	5.24983095376292e-5	1
1678	5.07817927914324e-5	1
1679	4.0822984230603e-5	1
1680	4.73728507621434e-5	1
1681	5.18147142720386e-5	1
1682	3.54084278978629e-5	1
1683	1.8291443362104e-5	1
1684	2.18539684686844e-5	1
1685	3.61974233145358e-5	1
1686	5.47388156063492e-5	1
1687	4.59695230363053e-5	1
1688	4.97187569819456e-5	1
1689	4.64935123588285e-5	1
1690	5.09233301371715e-5	1
1691	5.28777500815254e-5	1
1692	5.99907545631338e-5	1
1693	5.75364367593612e-5	1
1694	4.35633881587417e-5	1
1695	2.04265492797418e-5	1
1696	3.41586832493161e-5	1
1697	4.50871732001024e-5	1
1698	4.42138576625637e-5	1
1699	2.92711276719874e-5	1
1700	2.63831635323335e-5	1
1701	4.37892456253466e-5	1
1702	5.8039346051668e-5	1
1703	4.82672463298985e-5	1
1704	4.7728199842935e-5	1
1705	4.06061610626623e-5	1
1706	5.02547920360211e-5	1
1707	5.40190831461018e-5	1
1708	5.95721653916928e-5	1
1709	5.21188689937331e-5	1
1710	5.01373461533866e-5	1
1711	6.03129778821567e-5	1
1712	6.42669892641855e-5	1
1713	5.66179497285015e-5	1
1714	4.1428282241104e-5	1
1715	4.4837224270393e-5	1
1716	3.08129813106764e-5	1
1717	3.5041033085519e-5	1
1718	5.02126319755882e-5	1
1719	5.45310267370728e-5	1
1720	5.72864878296519e-5	1
1721	5.57687256540673e-5	1
1722	5.73105792927564e-5	1
1723	6.1773522832868e-5	1
1724	5.68528414937705e-5	1
1725	5.07667356269921e-5	1
1726	5.81086090080935e-5	1
1727	5.97528513649767e-5	1
1728	6.25986554441977e-5	1
1729	3.95762510149443e-5	1
1730	4.28948500575914e-5	1
1731	4.34278736787788e-5	1
1732	3.30474645136203e-5	1
1733	2.17997626766992e-5	1
1734	3.57878684417591e-5	1
1735	5.18689200640237e-5	1
1736	4.46806297602137e-5	1
1737	4.45812524749075e-5	1
1738	3.76700139967994e-5	1
1739	2.67897069722222e-5	1
1740	4.73848964936956e-5	1
1741	4.66199925401272e-5	1
1742	4.66922669294408e-5	1
1743	4.53220649653714e-5	1
1744	4.06724125861998e-5	1
1745	3.7977180151382e-5	1
1746	4.0217686220102e-5	1
1747	3.5691502589341e-5	1
1748	3.49898387264219e-5	1
1749	4.17414712614627e-5	1
1750	2.63018548443557e-5	1
1751	4.09705444421182e-5	1
1752	4.87611213235411e-5	1
1753	5.0619175415477e-5	1
1754	5.49315473111854e-5	1
1755	5.00590488982969e-5	1
1756	3.96304568069294e-5	1
1757	4.82702577627866e-5	1
1758	4.26479125607701e-5	1
1759	5.00500145996327e-5	1
1760	4.81769033432566e-5	1
1761	4.65266381205972e-5	1
1762	5.13389078757244e-5	1
1763	5.94607423748345e-5	1
1764	5.53832622443951e-5	1
1765	5.24501266114202e-5	1
1766	4.72975649399417e-5	1
1767	3.76790482954636e-5	1
1768	5.48954101165286e-5	1
1769	4.51413789920875e-5	0
1770	4.51413789920875e-5	1
1771	4.00881946059152e-5	1
1772	4.27051297856433e-5	1
1773	4.56593454488346e-5	1
1774	4.74933080776659e-5	1
1775	4.3298382064592e-5	1
1776	4.75746167656437e-5	1
1777	4.62556091606714e-5	1
1778	4.78155313966889e-5	1
1779	4.66832326307766e-5	1
1780	4.31176960913082e-5	1
1781	4.52166648142892e-5	1
1782	4.80835489237266e-5	1
1783	4.23678493021801e-5	1
1784	4.84870809307272e-5	1
1785	3.8910724346682e-5	1
1786	4.47378469850869e-5	1
1787	4.29490558495766e-5	1
1788	4.73668278963672e-5	1
1789	3.89047014809059e-5	1
1790	3.57005368880052e-5	1
1791	3.275234409059e-5	1
1792	3.13429934989758e-5	1
1793	3.93383478167872e-5	1
1794	3.8862541420473e-5	1
1795	3.48001184544739e-5	1
1796	3.35714538361435e-5	1
1797	4.15878881841714e-5	1
1798	3.517955899837e-5	1
1799	3.20597145263352e-5	1
1800	3.04064378707877e-5	1
1801	3.52066618943626e-5	1
1802	3.58571313981845e-5	1
1803	3.44477808065703e-5	1
1804	3.71731275702687e-5	1
1805	3.4197831876861e-5	1
1806	3.67455041001636e-5	1
1807	2.93223220310845e-5	1
1808	2.87621955139045e-5	1
1809	2.56363281760935e-5	1
1810	2.48322755949802e-5	1
1811	2.85453723459638e-5	1
1812	2.94819279741519e-5	1
1813	3.61944118816478e-5	1
1814	2.66572039251474e-5	1
1815	3.39689629773681e-5	1
1816	2.99095514442571e-5	1
1817	2.88284470374419e-5	1
1818	2.30705873554625e-5	1
1819	2.19413000224383e-5	1
1820	2.57116139982951e-5	1
1821	2.59224143004596e-5	1
1822	2.7479325103589e-5	1
1823	2.55369508907873e-5	1
1824	2.08903099445037e-5	1
1825	2.06524067463467e-5	1
1826	2.27001811102305e-5	1
1827	2.29350728754996e-5	1
1828	2.2486369375178e-5	1
1829	2.03452405917641e-5	1
1830	1.70025500860124e-5	1
1831	2.39981086849864e-5	1
1832	2.27031925431186e-5	1
1833	2.12185561293028e-5	1
1834	2.21430660259386e-5	1
1835	2.1459470760348e-5	1
1836	1.66712924683253e-5	1
1837	1.69122070993705e-5	1
1838	1.64845836292653e-5	1
1839	1.88425355806199e-5	1
1840	2.1742545451826e-5	1
1841	1.62617375955485e-5	1
1842	1.41537345739034e-5	1
1843	1.69784586229079e-5	1
1844	1.36628710131488e-5	1
1845	1.59756514711824e-5	1
1846	1.61262231155856e-5	1
1847	7.70023389478104e-6	1
1848	1.3575539459395e-5	1
1849	1.47349411212998e-5	1
1850	1.48493755710463e-5	1
1851	1.19162399380714e-5	1
1852	1.26209152338785e-5	1
1853	1.22565318544227e-5	1
1854	1.25908009049979e-5	1
1855	9.564310852493e-6	1
1856	1.45181179533592e-5	1
1857	1.14946393337424e-5	1
1858	1.04797864504646e-5	1
1859	8.42297778791654e-6	1
1860	8.13086879777427e-6	1
1861	8.89878418423073e-6	1
1862	7.7544396867662e-6	1
1863	7.7544396867662e-6	1
1864	6.718506773272e-6	1
1865	7.93211422716201e-6	1
1866	7.42920493485523e-6	1
1867	4.36657768769359e-6	1
1868	1.54787650446518e-6	1
1869	5.39648773541167e-6	1
1870	5.11040161104553e-6	1
1871	6.905215612332e-6	1
1872	8.67593815051396e-6	1
1873	5.63439093356877e-6	1
1874	4.08952586199165e-6	1
1875	4.74902966447779e-6	1
1876	5.23387035945618e-6	1
1877	5.91746562504683e-6	1
1878	5.03210435595586e-6	1
1879	7.41414777041491e-6	1
1880	3.10478730759455e-6	1
1881	3.65286809322229e-6	1
1882	2.26459753182454e-6	1
1883	3.85463409672262e-6	1
1884	5.21279032923973e-6	1
1885	1.2738361116513e-6	1
1886	3.91787418737197e-6	1
1887	1.98453427323454e-6	1
1888	4.14975451975294e-6	1
1889	3.75826824430455e-6	1
1890	2.57477511929519e-6	1
