#Position (1/cm)	Attenuation
1000	0.163785749945077
1001	0.160033067566837
1002	0.151237863235129
1003	0.150540071029427
1004	0.151687836986033
1005	0.145565956473025
1006	0.147414483562272
1007	0.152704114337487
1008	0.147138662718136
1009	0.149915230516042
1010	0.144875851209117
1011	0.145261552853591
1012	0.141502035533824
1013	0.147338833954382
1014	0.151378868991225
1015	0.145139898892961
1016	0.140588563080551
1017	0.140058197108033
1018	0.143533327982238
1019	0.145627274868134
1020	0.149190545060241
1021	0.148439808250797
1022	0.146364144536958
1023	0.147247875228317
1024	0.140636272954137
1025	0.14155830531458
1026	0.145146487383919
1027	0.138405308625288
1028	0.135220241356324
1029	0.138572210349753
1030	0.138281700558766
1031	0.137536910413309
1032	0.136689739398523
1033	0.140420505764809
1034	0.140690233262163
1035	0.142182632370825
1036	0.140272037424206
1037	0.139853313426853
1038	0.141409477755295
1039	0.139650586464795
1040	0.136945234148327
1041	0.138501938011695
1042	0.135832329819078
1043	0.138547283286657
1044	0.139844949421031
1045	0.139603502216631
1046	0.141697289826509
1047	0.139882497891996
1048	0.14294241087754
1049	0.144679956944342
1050	0.146054209779686
1051	0.146577014399586
1052	0.146558892611279
1053	0.145784157679497
1054	0.149116065341104
1055	0.149628992117973
1056	0.14814001487967
1057	0.153818888266243
1058	0.146026305509718
1059	0.150772575096315
1060	0.158297577033633
1061	0.158713130744975
1062	0.161024530997088
1063	0.163544270725985
1064	0.164144955506778
1065	0.166662596477051
1066	0.167325012714461
1067	0.163802677694181
1068	0.167306572347864
1069	0.171978290289343
1070	0.168013956275846
1071	0.17137142009034
1072	0.168733497274146
1073	0.176602851606636
1074	0.174109079016639
1075	0.171366701493101
1076	0.173737156982744
1077	0.176432664250295
1078	0.181602602074059
1079	0.182035391260711
1080	0.182344932823051
1081	0.193776188560817
1082	0.197763630347345
1083	0.193002480676642
1084	0.192069454217046
1085	0.194044989350223
1086	0.191084419488705
1087	0.186250966430503
1088	0.187071518053499
1089	0.187880699508629
1090	0.201064256857034
1091	0.201411210766991
1092	0.198720138220937
1093	0.196212257573139
1094	0.205628103429615
1095	0.216454526404014
1096	0.221639040003957
1097	0.206989092953518
1098	0.208089852271074
1099	0.215411696605542
1100	0.218171553414577
1101	0.221431714512986
1102	0.230135940874148
1103	0.249634811313268
1104	0.246720438333717
1105	0.237410325385479
1106	0.245408275862462
1107	0.251439890116739
1108	0.255996026918828
1109	0.262376751208297
1110	0.285270447749727
1111	0.285682523793529
1112	0.281543723720288
1113	0.292640301564639
1114	0.294999423085219
1115	0.282628960969999
1116	0.284239034716129
1117	0.30148484879945
1118	0.317856145567115
1119	0.324442172678702
1120	0.326913465699676
1121	0.358873506058781
1122	0.391791436431778
1123	0.398395391904223
1124	0.389563156194106
1125	0.382770000281295
1126	0.379877165025498
1127	0.392883525097678
1128	0.443190932875245
1129	0.417775639873147
1130	0.386343688997816
1131	0.423633794317099
1132	0.398572228746751
1133	0.384876754543433
1134	0.423455742979218
1135	0.473801314361116
1136	0.449770424070638
1137	0.455189446738586
1138	0.472442707537233
1139	0.478550176326908
1140	0.451315405837744
1141	0.447545125835145
1142	0.51230180536611
1143	0.534598359680134
1144	0.539324489814723
1145	0.536651255236646
1146	0.544255711773539
1147	0.549212515253571
1148	0.55967995443476
1149	0.579915155154661
1150	0.579385758300743
1151	0.570724011963558
1152	0.550938795452913
1153	0.584730799684372
1154	0.595139159883181
1155	0.54542394167306
1156	0.54860240405869
1157	0.597126759198703
1158	0.565946855280218
1159	0.554174497903857
1160	0.561983303176061
1161	0.536721299196566
1162	0.528445472040419
1163	0.519595997025566
1164	0.525885694134134
1165	0.562174898251399
1166	0.603695904255283
1167	0.567414981106743
1168	0.54768295710807
1169	0.603459072778319
1170	0.600967109988461
1171	0.53736986401969
1172	0.514887761059621
1173	0.503009162014351
1174	0.513342553914059
1175	0.494937129670075
1176	0.452001882258456
1177	0.467224897243036
1178	0.511650278615278
1179	0.501619213536424
1180	0.509741336347289
1181	0.511441057974486
1182	0.499129889053816
1183	0.497862848135323
1184	0.497758560437059
1185	0.51161146170973
1186	0.468559105323911
1187	0.483144532925511
1188	0.518847277300506
1189	0.477471254545309
1190	0.427034821892207
1191	0.424588488642114
1192	0.485611585828622
1193	0.487266513241665
1194	0.435552005838064
1195	0.432013521717529
1196	0.442705990145395
1197	0.448501923829834
1198	0.439117610957422
1199	0.461964211041819
1200	0.443676778794397
1201	0.409145065376367
1202	0.456186753446483
1203	0.460116742992687
1204	0.436978950057553
1205	0.433214422169651
1206	0.429359362223592
1207	0.481493312742717
1208	0.46308616610139
1209	0.421213639236649
1210	0.433899343835706
1211	0.430574274101741
1212	0.475655084026801
1213	0.498825372618263
1214	0.488248999241758
1215	0.480394654903227
1216	0.497480223872343
1217	0.509338978899202
1218	0.508404913946949
1219	0.529422091409535
1220	0.52636813002657
1221	0.527535238050669
1222	0.50549914131679
1223	0.511752219209797
1224	0.518942927006005
1225	0.543068839110107
1226	0.551350468849584
1227	0.5167395945189
1228	0.555737173313109
1229	0.624874182745726
1230	0.613197062655817
1231	0.615077824250132
1232	0.636749794608707
1233	0.649239315718349
1234	0.714350934432966
1235	0.735389300199116
1236	0.722241184627101
1237	0.674288001722815
1238	0.624969808587485
1239	0.596175430867645
1240	0.6214087118471
1241	0.625755182074141
1242	0.592992971415545
1243	0.528779241004223
1244	0.530715562942843
1245	0.477738238458238
1246	0.469793174691706
1247	0.430688376506302
1248	0.408430580469843
1249	0.369507459618655
1250	0.366296195755569
1251	0.320470977495424
1252	0.312626256861572
1253	0.293816327247396
1254	0.274107797863919
1255	0.25034322911741
1256	0.250751852451066
1257	0.234403841253721
1258	0.225615139854819
1259	0.220370903052319
1260	0.210575294372655
1261	0.208221214780754
1262	0.206313622739485
1263	0.184423851374846
1264	0.17708449338503
1265	0.175491143801556
1266	0.176466980369385
1267	0.177290685723764
1268	0.174232009868106
1269	0.172964554999028
1270	0.173520355842802
1271	0.166904636791081
1272	0.161642205399367
1273	0.160258870778438
1274	0.158391451764238
1275	0.157632953400074
1276	0.15651779550092
1277	0.15563482971913
1278	0.158774499595072
1279	0.159388605582305
1280	0.157931702347528
1281	0.159891538822682
1282	0.16384783354974
1283	0.171252276952731
1284	0.181091880701897
1285	0.180712309287267
1286	0.187443327179678
1287	0.197079139803242
1288	0.195465433322199
1289	0.189334106973766
1290	0.183582098084971
1291	0.175716233657448
1292	0.174621368184823
1293	0.176256827678748
1294	0.173211333306719
1295	0.165069943290863
1296	0.165304827052672
1297	0.156540204396566
1298	0.159612547932717
1299	0.163004866720486
1300	0.161645964424026
1301	0.169255159646293
1302	0.172104243410391
1303	0.170941144054592
1304	0.168148898838064
1305	0.169215086223435
1306	0.183342591380505
1307	0.176105821900851
1308	0.175879094084068
1309	0.177329292658932
1310	0.184472680151992
1311	0.196737370872306
1312	0.18658505185729
1313	0.195319484985408
1314	0.190736960682832
1315	0.212189205885571
1316	0.200694303326585
1317	0.210618605357266
1318	0.219675361240037
1319	0.209109663329949
1320	0.226469975263021
1321	0.22605033809226
1322	0.230184009988249
1323	0.222587380259123
1324	0.233434584229694
1325	0.246486014003261
1326	0.243210109241682
1327	0.242547428425576
1328	0.256607030966228
1329	0.254563128986009
1330	0.272773881850471
1331	0.266034352780458
1332	0.286142296235353
1333	0.271762470554906
1334	0.30168106190611
1335	0.303063487288973
1336	0.339588372821865
1337	0.372196259908232
1338	0.432699618823308
1339	0.427923388893314
1340	0.367774415727903
1341	0.336884577835178
1342	0.344653679835911
1343	0.386643756385036
1344	0.388528537483939
1345	0.400371780130979
1346	0.401606627296922
1347	0.411931748952756
1348	0.460967833094473
1349	0.4441943829539
1661	0.162527999326278
1662	0.149538139936444
1663	0.110017800745425
1664	0.107071009796262
1665	0.103673553035059
1666	0.106545188529126
1667	0.125464139661371
1668	0.163405999194845
1669	0.154397430696204
1670	0.120197110566706
1671	0.124335185390858
1672	0.0872893867322028
1673	0.0885861357833831
1674	0.123388273663182
1675	0.116858584256312
1676	0.0800587012169515
1677	0.0786092359370703
1678	0.0792502856544475
1679	0.107389414900546
1680	0.0874248266474258
1681	0.0793226813247017
1682	0.110442275992391
1683	0.148502736869008
1684	0.141564948051602
1685	0.104366071728883
1686	0.0738532074122432
1687	0.0811708774234375
1688	0.0770666321118536
1689	0.0796453327806944
1690	0.0723164695241697
1691	0.0654261471049708
1692	0.0652418507403661
1693	0.0659773231050673
1694	0.0816849120196844
1695	0.110478437461013
1696	0.103406106367671
1697	0.0757021784041375
1698	0.101180081610678
1699	0.141093970446217
1700	0.118596722299199
1701	0.0867319068495559
1702	0.0648490829738668
1703	0.0817051466142725
1704	0.0850897007564828
1705	0.0910385113607168
1706	0.0762555243331966
1707	0.0626977921323189
1708	0.0582887043935764
1709	0.0637190418037765
1710	0.0631514104372865
1711	0.0578831879781038
1712	0.0595826290558681
1713	0.0719192989274732
1714	0.0918127848144177
1715	0.0811332359587095
1716	0.110292462452047
1717	0.115561526674791
1718	0.0832553273828585
1719	0.0595180126214629
1720	0.0584950146424799
1721	0.0590396104635948
1722	0.0623245435432378
1723	0.0631923161970012
1724	0.0578558423389266
1725	0.0592354689024899
1726	0.0588482240598045
1727	0.0588846651900087
1728	0.0611771844579484
1729	0.0828267170361698
1730	0.0681891705317875
1731	0.0657843360270432
1732	0.0836482354467829
1733	0.118729984566875
1734	0.0991489844782466
1735	0.0699232983822944
1736	0.0689772221995567
1737	0.0700561645541486
1738	0.0699521554658241
1739	0.0980471497658415
1740	0.0702936244785617
1741	0.0678187677074167
1742	0.0756388603265963
1743	0.0843617432589597
1744	0.0689536926540417
1745	0.0701511414265057
1746	0.0784691924393269
1747	0.0817853607916009
1748	0.0887875870484984
1749	0.0718984889254735
1750	0.0968590085384555
1751	0.073127762374313
1752	0.0552160570818202
1753	0.0548912405071062
1754	0.0536642708045904
1755	0.054683201149856
1756	0.0619962156220165
1757	0.0533435033759264
1758	0.0523072197459108
1759	0.0507370590541548
1760	0.053402697262984
1761	0.0749183409649387
1762	0.0519319232668711
1763	0.0500002920950574
1764	0.0500954027065494
1765	0.0503343062846875
1766	0.0509261707654563
1767	0.0741536095009078
1768	0.0589916414313951
1769	0.0569815352440629
1770	0.069112279736294
1771	0.0877889636209371
1772	0.0789903955682846
1773	0.0595221639117699
1774	0.0624691241085258
1775	0.0664508921303683
1776	0.0573574083835543
1777	0.0580105597521435
1778	0.0616322994613173
1779	0.0690927452186745
1780	0.0749087974011231
1781	0.0640030601830756
1782	0.0607236763234996
1783	0.0612210344209175
1784	0.0698334112177423
1785	0.0699322201828462
1786	0.0627921430918183
1787	0.0662521663350152
1788	0.0667977948037414
1789	0.0735444715809843
1790	0.0915794348245507
1791	0.0901106023392887
1792	0.107254745059103
1793	0.0855728313856494
1794	0.0730539761897894
1795	0.0797376157856895
1796	0.0825756573116569
1797	0.0745482140372115
1798	0.0903233850244293
1799	0.103252894476729
1800	0.0857519130676835
