Wavenumber (cm^-1)	Intensity profile for Laser = Laser wrapper [Q0259] - LaserTune LT-OEM [Q0259]: PiF (V)
770	1.97760797759199e-5
770.995412844037	9.27822472812687e-6
771.990825688073	2.62476490523706e-5
772.98623853211	1.32713847377005e-5
773.981651376147	3.0514849454758e-5
774.977064220183	4.79992288028608e-5
775.97247706422	3.95822738807204e-5
776.967889908257	4.42259033941159e-5
777.963302752293	4.52949620693788e-5
778.95871559633	2.8741115483688e-5
779.954128440367	5.20556289030837e-5
780.949541284403	4.89448187297131e-5
781.94495412844	5.53591707812905e-5
782.940366972476	6.149044814139e-5
783.935779816513	5.71690419470173e-5
784.93119266055	7.73004708037288e-5
785.926605504586	7.96162626946505e-5
786.922018348623	6.09664588188667e-5
787.91743119266	6.95129053551939e-5
788.912844036696	7.38794830428875e-5
789.908256880733	8.64913639781018e-5
790.90366972477	9.14993768709532e-5
791.899082568806	9.20805834183496e-5
792.894495412843	8.96925171381144e-5
793.88990825688	9.3405613889098e-5
794.885321100916	6.6203340611211e-5
795.880733944953	1.01687054331276e-4
796.87614678899	9.43241009199577e-5
797.871559633026	8.87619843757025e-5
798.866972477063	1.08703692960466e-4
799.8623853211	1.05020710538363e-4
800.857798165136	9.34568082481951e-5
801.853211009173	8.77079828648799e-5
802.848623853209	1.03620394245413e-4
803.844036697246	1.00000651913959e-4
804.839449541283	1.10347935317349e-4
805.83486238532	1.18761878806601e-4
806.830275229356	1.06035563421641e-4
807.825688073393	1.03373456748592e-4
808.821100917429	1.14232683742952e-4
809.816513761466	1.24790767448507e-4
810.811926605503	1.33734723126058e-4
811.807339449539	1.47515040021842e-4
812.802752293576	1.35779486057054e-4
813.798165137613	1.35553628590449e-4
814.793577981649	1.25775506002904e-4
815.788990825686	1.40164132342076e-4
816.784403669723	1.40519481422868e-4
817.779816513759	1.41302453973765e-4
818.775229357796	1.46099666564451e-4
819.770642201832	1.48246818213641e-4
820.766055045869	1.53884220580098e-4
821.761467889906	1.51782240424229e-4
822.756880733943	1.48737681774396e-4
823.752293577979	1.55781423299579e-4
824.747706422016	1.63692457496525e-4
825.743119266052	1.74229461171862e-4
826.738532110089	1.71383657092641e-4
827.733944954126	1.58265855432232e-4
828.729357798162	1.80547447371022e-4
829.724770642199	1.86741964821771e-4
830.720183486236	1.91686737623973e-4
831.715596330272	1.84700213323663e-4
832.711009174309	1.86281215589897e-4
833.706422018346	2.09041625357888e-4
834.701834862382	2.10493136009936e-4
835.697247706419	1.9808603251111e-4
836.692660550456	2.05485123117084e-4
837.688073394492	2.10818370761847e-4
838.683486238529	2.2358684620724e-4
839.678899082566	2.30016255423258e-4
840.674311926602	2.28369001633487e-4
841.669724770639	2.289712882111e-4
842.665137614675	2.45332403091954e-4
843.660550458712	2.3503932548055e-4
844.655963302749	2.30696839255961e-4
845.651376146786	2.46874256730643e-4
846.646788990822	2.28664122056517e-4
847.642201834859	2.3824349007345e-4
848.637614678895	2.54460056175678e-4
849.633027522932	2.62319896013526e-4
850.628440366969	2.50244050132388e-4
851.623853211005	2.72805705329767e-4
852.619266055042	2.64033401326835e-4
853.614678899079	2.70532073499278e-4
854.610091743115	2.62452399060601e-4
855.605504587152	2.54393804652141e-4
856.600917431189	2.75437697673936e-4
857.596330275225	2.66093221422271e-4
858.591743119262	2.69125734340552e-4
859.587155963299	2.54074592766006e-4
860.582568807335	2.58429124722147e-4
861.577981651372	2.46576124874725e-4
862.573394495409	2.64720008025314e-4
863.568807339445	2.36394470280179e-4
864.564220183482	2.4132418591794e-4
865.559633027518	2.18955262425397e-4
866.555045871555	2.29576586221601e-4
867.550458715592	2.17055048273028e-4
868.545871559628	2.42486599012733e-4
869.541284403665	2.40637579219462e-4
870.536697247702	2.66828011046959e-4
871.532110091738	2.72420241920095e-4
872.527522935775	2.87859858337202e-4
873.522935779812	2.97544626505217e-4
874.518348623848	3.20633282458008e-4
875.513761467885	3.35232709099345e-4
876.509174311922	3.34522010937762e-4
877.504587155958	3.51602858278864e-4
878.499999999995	3.52424979457306e-4
879.495412844032	3.60784717154573e-4
880.490825688068	3.90540685521539e-4
881.486238532105	3.83406601009714e-4
882.481651376142	3.84126333469961e-4
883.477064220178	3.9097433185742e-4
884.472477064215	3.94985560464322e-4
885.467889908252	3.9237464815037e-4
886.463302752288	4.05052780609122e-4
887.458715596325	4.0880502598765e-4
888.454128440361	4.04278842356889e-4
889.449541284398	4.22461874135023e-4
890.444954128435	3.97771135885782e-4
891.440366972471	3.98743828708626e-4
892.435779816508	3.99882150340315e-4
893.431192660545	4.23247858118808e-4
894.426605504581	4.17872450413612e-4
895.422018348618	4.09338049608838e-4
896.417431192655	4.15680127271101e-4
897.412844036691	4.16225196623841e-4
898.408256880728	4.31170938047306e-4
899.403669724765	4.31752144594702e-4
900.399082568801	4.32101470809718e-4
901.394495412838	4.37163689494554e-4
902.389908256875	4.46682828853726e-4
903.385321100911	4.48947426385551e-4
904.380733944948	4.63251732603857e-4
905.376146788985	4.35127960862222e-4
906.371559633021	4.43219681032452e-4
907.366972477058	4.48845037667356e-4
908.362385321094	4.51118669497845e-4
909.357798165131	4.71481978686937e-4
910.353211009168	4.6579940482716e-4
911.348623853204	4.37428695588704e-4
912.344036697241	4.43114280881369e-4
913.339449541278	4.64387042802658e-4
914.334862385314	4.66522148720295e-4
915.330275229351	4.5170288747813e-4
916.325688073388	4.44162259526416e-4
917.321100917424	4.72313134164043e-4
918.316513761461	4.60490248645502e-4
919.311926605498	4.63305938395842e-4
920.307339449534	4.76968809408991e-4
921.302752293571	4.59803641947023e-4
922.298165137608	4.54476417168037e-4
923.293577981644	4.54952223564351e-4
924.288990825681	4.34278736787788e-4
925.284403669718	4.17691764440329e-4
926.279816513754	4.13264958094874e-4
927.275229357791	3.88712745758483e-4
928.270642201827	4.154030754454e-4
929.266055045864	4.0041818539439e-4
930.261467889901	4.04113213548046e-4
931.256880733937	4.0914832933689e-4
932.252293577974	4.11674921529976e-4
933.247706422011	3.96301556636406e-4
934.243119266047	3.77362655203368e-4
935.238532110084	3.78660582778124e-4
936.233944954121	3.89857090255948e-4
937.229357798157	3.96584631327884e-4
938.224770642194	3.86869748830988e-4
939.220183486231	3.97849433140871e-4
940.215596330267	3.9220299647575e-4
941.211009174304	4.28331156833861e-4
942.20642201834	4.11542418482901e-4
943.201834862377	4.28225756682778e-4
944.197247706414	4.27496989923867e-4
945.192660550451	4.36139802312612e-4
946.188073394487	4.23732698813786e-4
947.183486238524	4.14891131854429e-4
948.17889908256	4.2346166985386e-4
949.174311926597	4.23148480833502e-4
950.169724770634	4.28719631676421e-4
951.16513761467	4.09389243967935e-4
952.160550458707	4.31098663657992e-4
953.155963302744	4.25196255197385e-4
954.15137614678	4.19071000703062e-4
955.146788990817	4.20275573858288e-4
956.142201834854	4.10958200502616e-4
957.13761467889	4.12807220295888e-4
958.133027522927	4.26259291006872e-4
959.128440366964	4.25349838274677e-4
960.123853211	4.08747808762777e-4
961.119266055037	4.05314775270383e-4
962.114678899074	4.08410528279314e-4
963.11009174311	4.0796483621188e-4
964.105504587147	4.08308139561119e-4
965.100917431183	4.20757403120378e-4
966.09633027522	4.06784354519759e-4
967.091743119257	3.96419002519041e-4
968.087155963293	4.04709477259882e-4
969.08256880733	4.11575544244669e-4
970.077981651367	4.00996380508899e-4
971.073394495403	4.06992143389035e-4
972.06880733944	4.1599331629146e-4
973.064220183477	3.88637459936282e-4
974.059633027513	3.89203609319238e-4
975.05504587155	3.8367762996964e-4
976.050458715587	3.94828965954143e-4
977.045871559623	3.91447126820846e-4
978.04128440366	3.65642158403021e-4
979.036697247697	3.59938504513027e-4
980.032110091733	3.69825038684543e-4
981.02752293577	3.7857325122437e-4
982.022935779807	3.69834072983207e-4
983.018348623843	3.50982503103923e-4
984.01376146788	3.4415558474668e-4
985.009174311917	3.38186924762537e-4
986.004587155953	3.39018080239642e-4
986.99999999999	3.2806851025864e-4
989	5.26687566390937e-4
989.997229916898	5.38284594442873e-4
990.994459833795	5.23061801193707e-4
991.991689750692	5.61361204664112e-4
992.98891966759	5.49354621739399e-4
993.986149584488	5.7118148731209e-4
994.983379501385	5.83603647975357e-4
995.980609418282	6.04737883983794e-4
996.97783933518	5.84067408640119e-4
997.975069252077	5.89042295771201e-4
998.972299168975	5.93800359734343e-4
999.969529085872	6.02024582951648e-4
1000.96675900277	6.02394989196879e-4
1001.96398891967	6.13091598815285e-4
1002.96121883656	6.25149376099095e-4
1003.95844875346	6.49737725630142e-4
1004.95567867036	6.60347003694794e-4
1005.95290858726	6.61274525024317e-4
1006.95013850415	6.44672495512418e-4
1007.94736842105	6.49719657032814e-4
1008.94459833795	6.64349198003031e-4
1009.94182825485	6.7790365743221e-4
1010.93905817174	6.63734865693866e-4
1011.93628808864	6.61894880199259e-4
1012.93351800554	6.72465009636365e-4
1013.93074792244	6.64656364157614e-4
1014.92797783933	6.53836285790798e-4
1015.92520775623	6.57154884833445e-4
1016.92243767313	6.66713172820162e-4
1017.91966759003	6.57880640159469e-4
1018.91689750692	6.48722872746864e-4
1019.91412742382	6.76681015679656e-4
1020.91135734072	6.45211541999381e-4
1021.90858725762	6.371077760976e-4
1022.90581717451	6.55209499187755e-4
1023.90304709141	6.8370668860751e-4
1024.90027700831	6.5924783069065e-4
1025.89750692521	6.68351392311269e-4
1026.8947368421	6.70477463930243e-4
1027.891966759	6.91801420210628e-4
1028.8891966759	6.70197400671653e-4
1029.8864265928	6.87434842522934e-4
1030.8836565097	6.99227613712595e-4
1031.88088642659	7.02211943704667e-4
1032.87811634349	6.7855713836892e-4
1033.87534626039	6.91214190797455e-4
1034.87257617729	6.95875888908179e-4
1035.86980609418	7.06894721845607e-4
1036.86703601108	7.08644364353573e-4
1037.86426592798	7.05638954331285e-4
1038.86149584488	7.03169579363071e-4
1039.85872576177	7.00332809582515e-4
1040.85595567867	6.89323010943751e-4
1041.85318559557	6.81122879189551e-4
1042.85041551247	6.96580564203986e-4
1043.84764542936	6.8853100409419e-4
1044.84487534626	6.865856184485e-4
1045.84210526316	6.73016101854881e-4
1046.83933518006	6.71682037085469e-4
1047.83656509695	6.82188926431926e-4
1048.83379501385	6.64650341291838e-4
1049.83102493075	6.6539416521519e-4
1050.82825484765	6.71862723058752e-4
1051.82548476454	6.82432852495859e-4
1052.82271468144	6.36397077936016e-4
1053.81994459834	6.50129211905591e-4
1054.81717451524	6.34520955246752e-4
1055.81440443214	6.55019778915808e-4
1056.81163434903	6.31756459855509e-4
1057.80886426593	6.35903202942374e-4
1058.80609418283	6.41224404855584e-4
1059.80332409973	6.20078123115595e-4
1060.80055401662	6.011030844879e-4
1061.79778393352	5.94348440519971e-4
1062.79501385042	5.90120388745128e-4
1063.79224376732	6.20538872347468e-4
1064.78947368421	5.9786579413323e-4
1065.78670360111	5.85515907859278e-4
1066.78393351801	5.75807048228158e-4
1067.78116343491	5.76526780688405e-4
1068.7783933518	5.85278004661121e-4
1069.7756232687	5.62909081168577e-4
1070.7728531856	5.5588641967361e-4
1071.7700831025	5.61897239718187e-4
1072.76731301939	5.75132487261231e-4
1073.76454293629	5.37384176009342e-4
1074.76177285319	5.45253050145855e-4
1075.75900277009	5.46490749062849e-4
1076.75623268698	5.43027601241575e-4
1077.75346260388	5.35679704994697e-4
1078.75069252078	5.28093905549663e-4
1079.74792243768	5.05104626882178e-4
1080.74515235457	5.07426441638876e-4
1081.74238227147	5.27871059515946e-4
1082.73961218837	5.07001829601659e-4
1083.73684210527	5.17108198374003e-4
1084.73407202217	5.17867079461796e-4
1085.73130193906	5.18345897290998e-4
1086.72853185596	5.22887138086199e-4
1087.72576177286	5.21917456696243e-4
1088.72299168976	5.24407911694672e-4
1089.72022160665	5.05986976718381e-4
1090.71745152355	5.16795009353645e-4
1091.71468144045	4.98747492055474e-4
1092.71191135735	5.02045011067905e-4
1093.70914127424	5.03957270951826e-4
1094.70637119114	5.0192756518527e-4
1095.70360110804	4.82807977778948e-4
1096.70083102494	4.87201658362634e-4
1097.69806094183	4.6498932938027e-4
1098.69529085873	4.74731314773159e-4
1099.69252077563	4.51669761716361e-4
1100.68975069253	4.52040167961593e-4
1101.68698060942	4.45577632983806e-4
1102.68421052632	4.28466671313824e-4
1103.68144044322	4.20128013646773e-4
1104.67867036012	4.12277208107589e-4
1105.67590027701	4.11747195919289e-4
1106.67313019391	3.98927526114798e-4
1107.67036011081	3.79124343442886e-4
1108.66759002771	3.61393026597962e-4
1109.6648199446	3.68521088244011e-4
1110.6620498615	3.67006337501314e-4
1111.6592797784	3.41460352311863e-4
1112.6565096953	3.42451113732036e-4
1113.6537396122	3.52976071675821e-4
1114.65096952909	3.38457953722462e-4
1115.64819944599	3.21434323606233e-4
1116.64542936289	3.10442593564798e-4
1117.64265927979	3.10575096611873e-4
1118.63988919668	2.9372914103604e-4
1119.63711911358	2.9973393821484e-4
1120.63434903048	2.83228274555359e-4
1121.63157894738	2.62946274054244e-4
1122.62880886427	2.69908706891449e-4
1123.62603878117	2.64638699337336e-4
1124.62326869807	2.57158300043384e-4
1125.62049861497	2.65903501150323e-4
1126.61772853186	2.64888648267045e-4
1127.61495844876	2.32630179170098e-4
1128.61218836566	2.44019418352758e-4
1129.60941828256	2.40116601329827e-4
1130.60664819945	2.41938518227106e-4
1131.60387811635	2.22803873656343e-4
1132.60110803325	2.3394918677507e-4
1133.59833795015	2.11131559782205e-4
1134.59556786704	2.13682243438396e-4
1135.59279778394	2.11074342557332e-4
1136.59002770084	2.09026568193448e-4
1137.58725761774	2.17711540642626e-4
1138.58448753464	2.10700924879212e-4
1139.58171745153	2.07541931779632e-4
1140.57894736843	1.94616861824059e-4
1141.57617728533	1.89744363411171e-4
1142.57340720223	1.90701999069575e-4
1143.57063711912	1.82513913046928e-4
1144.56786703602	1.97881255074721e-4
1145.56509695292	1.8635348997921e-4
1146.56232686982	1.94996302367955e-4
1147.55955678671	1.74780553390378e-4
1148.55678670361	1.76813270589822e-4
1149.55401662051	1.75391874266655e-4
1150.55124653741	1.83161371117862e-4
1151.5484764543	1.82857216396167e-4
1152.5457063712	1.75388862833767e-4
1153.5429362881	1.6797772649624e-4
1154.540166205	1.7207026379112e-4
1155.53739612189	1.64436281419876e-4
1156.53462603879	1.78671324681758e-4
1157.53185595569	1.62313221233791e-4
1158.52908587259	1.75289485548461e-4
1159.52631578948	1.70618753139073e-4
1160.52354570638	1.83700417604825e-4
1161.52077562328	1.84664076129006e-4
1162.51800554018	1.670291251365e-4
1163.51523545708	1.66309392676253e-4
1164.51246537397	1.78626153188437e-4
1165.50969529087	1.61415814233148e-4
1166.50692520777	1.66538261575746e-4
1167.50415512467	1.63906269231577e-4
1168.50138504156	1.78270804107645e-4
1169.49861495846	1.71106605266939e-4
1170.49584487536	1.76415761448597e-4
1171.49307479226	1.87019016647472e-4
1172.49030470915	1.93035859557825e-4
1173.48753462605	1.89985278042216e-4
1174.48476454295	1.82652438959779e-4
1175.48199445985	1.8896741372605e-4
1176.47922437674	1.68360178473025e-4
1177.47645429364	1.9033761569012e-4
1178.47368421054	1.93026825259161e-4
1179.47091412744	2.04021566733485e-4
1180.46814404433	2.07689491991147e-4
1181.46537396123	1.86693781895562e-4
1182.46260387813	2.02338175749057e-4
1183.45983379503	2.00109715411889e-4
1184.45706371192	2.21789020773066e-4
1185.45429362882	1.78490638708474e-4
1186.45152354572	1.89054745279804e-4
1187.44875346262	2.13408203045582e-4
1188.44598337952	2.07584091840065e-4
1189.44321329641	2.14633856231024e-4
1190.44044321331	2.14356804405322e-4
1191.43767313021	2.12887225155947e-4
1192.43490304711	2.16735836386893e-4
1193.432132964	2.22364204454686e-4
1194.4293628809	2.3019995282943e-4
1195.4265927978	2.3617463567935e-4
1196.4238227147	2.24345727295032e-4
1197.42105263159	2.23523606116591e-4
1198.41828254849	2.28456333187241e-4
1199.41551246539	2.14504364616838e-4
1200.41274238229	2.27823932280747e-4
1201.40997229918	2.07310051447251e-4
1202.40720221608	2.23674177760994e-4
1203.40443213298	2.19927955248242e-4
1204.40166204988	2.02326130017505e-4
1205.39889196677	2.23092971213598e-4
1206.39612188367	2.07439543061438e-4
1207.39335180057	2.04461235935142e-4
1208.39058171747	2.08939236639694e-4
1209.38781163436	2.18009672498545e-4
1210.38504155126	2.0751482888364e-4
1211.38227146816	2.06746913497183e-4
1212.37950138506	2.1412793550583e-4
1213.37673130195	2.0091677942589e-4
1214.37396121885	2.03663206219805e-4
1215.37119113575	1.94216341249947e-4
1216.36842105265	1.99380948652977e-4
1217.36565096955	1.99525497431605e-4
1218.36288088644	1.79899989300088e-4
1219.36011080334	1.90033460968425e-4
1220.35734072024	1.90979050895277e-4
1221.35457063714	1.8839223004443e-4
1222.35180055403	1.85928877941993e-4
1223.34903047093	2.06789073557616e-4
1224.34626038783	1.84835727803626e-4
1225.34349030473	1.93641157568326e-4
1226.34072022162	1.80318578471529e-4
1227.33795013852	1.67544080160359e-4
1228.33518005542	1.74271621232295e-4
1229.33240997232	1.84140086806483e-4
1230.32963988921	1.81071436693545e-4
1231.32686980611	1.87509880208227e-4
1232.32409972301	1.81291271294374e-4
1233.32132963991	1.56949859260148e-4
1234.3185595568	1.60172092450377e-4
1235.3157894737	1.62560158730612e-4
1236.3130193906	1.67182708213791e-4
1237.3102493075	1.73816894866198e-4
1238.30747922439	1.79023662329661e-4
1239.30470914129	1.74687198970848e-4
1240.30193905819	1.72735790459382e-4
1241.29916897509	1.84742373384096e-4
1242.29639889199	1.81586391717404e-4
1243.29362880888	1.83438422943564e-4
1244.29085872578	1.97041065298951e-4
1245.28808864268	2.09713174891927e-4
1246.28531855958	2.28772533640487e-4
1247.28254847647	2.50361496015022e-4
1248.27977839337	2.67011708453131e-4
1249.27700831027	2.89910644133974e-4
1250.27423822717	3.11936264277278e-4
1251.27146814406	3.38346530705604e-4
1252.26869806096	3.52961014511381e-4
1253.26592797786	3.67412880941203e-4
1254.26315789476	3.91748270109653e-4
1255.26038781165	4.1241573402044e-4
1256.25761772855	4.28204676652562e-4
1257.25484764545	4.44969323540417e-4
1258.25207756235	4.70313542726368e-4
1259.24930747924	4.84732283394422e-4
1260.24653739614	4.89381935773593e-4
1261.24376731304	5.16346305853323e-4
1262.24099722994	5.37507644757753e-4
1263.23822714683	5.61879171120859e-4
1264.23545706373	5.84338437600044e-4
1265.23268698063	5.88539386478895e-4
1266.22991689753	5.81444450594614e-4
1267.22714681443	5.76806843946995e-4
1268.22437673132	6.26796629888867e-4
1269.22160664822	6.23484053711995e-4
1270.21883656512	6.33801222786504e-4
1271.21606648202	6.26754469828433e-4
1272.21329639891	6.53462868112678e-4
1273.21052631581	6.48352466501633e-4
1274.20775623271	6.50424332328621e-4
1275.20498614961	6.43260133487915e-4
1276.2022160665	6.45500639556635e-4
1277.1994459834	6.49945514499419e-4
1278.1966759003	6.48975833109462e-4
1279.1939058172	6.51135030490204e-4
1280.19113573409	6.38237063430624e-4
1281.18836565099	6.30723538374903e-4
1282.18559556789	6.28820312789646e-4
1283.18282548479	5.95200676027293e-4
1284.18005540168	5.75246921710978e-4
1285.17728531858	5.44530306252719e-4
1286.17451523548	5.30731920759607e-4
1287.17174515238	5.32249682935192e-4
1288.16897506927	5.4235002884176e-4
1289.16620498617	5.5388080537016e-4
1290.16343490307	5.66766726698188e-4
1291.16066481997	5.77415153390384e-4
1292.15789473686	5.63192155860055e-4
1293.15512465376	6.21186330418402e-4
1294.15235457066	6.15428470736423e-4
1295.14958448756	6.42907795840012e-4
1296.14681440446	6.28136717524055e-4
1297.14404432135	6.42576538222325e-4
1298.14127423825	6.56417083775869e-4
1299.13850415515	6.50439389493061e-4
1300.13573407205	6.41757428476771e-4
1301.13296398894	6.44573118227111e-4
1302.13019390584	6.45045913190538e-4
1303.12742382274	6.27404939332256e-4
1304.12465373964	6.19906471440975e-4
1305.12188365653	6.22384880707852e-4
1306.11911357343	6.2313472749698e-4
1307.11634349033	5.92493397860923e-4
1308.11357340723	5.89400656284881e-4
1309.11080332412	5.86979464242877e-4
1310.10803324102	5.65221861626611e-4
1311.10526315792	5.47475487617246e-4
1312.10249307482	5.54552354904198e-4
1313.09972299171	5.42807766640746e-4
1314.09695290861	5.40844312397728e-4
1315.09418282551	5.28584769110417e-4
1316.09141274241	5.24552460473299e-4
1317.0886426593	4.81154701123401e-4
1318.0858725762	4.67422567153827e-4
1319.0831024931	4.78375148567717e-4
1320.08033241	4.75201098303697e-4
1321.07756232689	4.63275824066962e-4
1322.07479224379	4.4955573582894e-4
1323.07202216069	4.55081715178538e-4
1324.06925207759	4.33245815307182e-4
1325.06648199449	4.55283481182038e-4
1326.06371191138	4.30704165949656e-4
1327.06094182828	4.18474736991225e-4
1328.05817174518	3.98207793654551e-4
1329.05540166208	3.88968717553969e-4
1330.05263157897	3.86466216823987e-4
1331.04986149587	3.82906703150295e-4
1332.04709141277	3.67750161424666e-4
1333.04432132967	3.72607602673114e-4
1334.04155124656	3.37927941534163e-4
1335.03878116346	3.09307283365998e-4
1336.03601108036	3.08906762791885e-4
1337.03324099726	2.82972302759873e-4
1338.03047091415	2.65731849475704e-4
1339.02770083105	2.76181521597287e-4
1340.02493074795	2.91271811799379e-4
1341.02216066485	3.14607405248991e-4
1342.01939058174	2.7499501703939e-4
1343.01662049864	2.74199998756941e-4
1344.01385041554	2.64286361689433e-4
1345.01108033244	2.65749918073032e-4
1346.00831024933	2.82598885081753e-4
1347.00554016623	2.48181218604063e-4
1348.00277008313	2.39189080000303e-4
1349.00000000003	2.33798615130667e-4
1351	9.99103089273174e-5
1351.99676375405	1.11549497039687e-4
1352.99352750809	1.15949200489149e-4
1353.99029126214	1.07360593892389e-4
1354.98705501618	1.20342881072835e-4
1355.98381877023	1.23583182860393e-4
1356.98058252427	1.2680842748351e-4
1357.97734627832	1.42326341155707e-4
1358.97411003236	1.43585120102918e-4
1359.97087378641	1.34352066868112e-4
1360.96763754045	1.1776810595354e-4
1361.9644012945	1.38790918945119e-4
1362.96116504854	1.52887436294149e-4
1363.95792880259	1.67414588546172e-4
1364.95469255663	1.70206186833408e-4
1365.95145631068	1.67405554247508e-4
1366.94822006473	1.53074145133209e-4
1367.94498381877	1.45720226020555e-4
1368.94174757282	1.63273868325084e-4
1369.93851132686	1.74440261474027e-4
1370.93527508091	1.72494875828337e-4
1371.93203883495	1.4565096306413e-4
1372.928802589	1.54423267067062e-4
1373.92556634304	1.47210885300147e-4
1374.92233009709	1.71534228737045e-4
1375.91909385113	1.71212005418022e-4
1376.91585760518	1.70248346893841e-4
1377.91262135922	1.7326881408057e-4
1378.90938511327	1.86443832965852e-4
1379.90614886731	1.89768454874275e-4
1380.90291262136	1.79186279705617e-4
1381.89967637541	1.83676326141721e-4
1382.89644012945	1.81080470992209e-4
1383.8932038835	1.87028050946137e-4
1384.88996763754	1.63572000181002e-4
1385.88673139159	1.45918980591168e-4
1386.88349514563	1.50345786936622e-4
1387.88025889968	1.66116660971416e-4
1388.87702265372	1.86211952633471e-4
1389.87378640777	1.74383044249154e-4
1390.87055016181	1.87012993781696e-4
1391.86731391586	1.77060208086643e-4
1392.8640776699	1.43943480616597e-4
1393.86084142395	1.54200421033345e-4
1394.85760517799	1.62596295925269e-4
1395.85436893204	1.66387689931342e-4
1396.85113268609	1.69076899500384e-4
1397.84789644013	1.46653770215855e-4
1398.84466019418	1.73329042738331e-4
1399.84142394822	1.86052346690404e-4
1400.83818770227	1.76674744676971e-4
1401.83495145631	1.75674948958133e-4
1402.83171521036	1.60160046718825e-4
1403.8284789644	1.60036577970414e-4
1404.82524271845	1.75289485548461e-4
1405.82200647249	1.8205918668083e-4
1406.81877022654	1.68019886556673e-4
1407.81553398058	1.62849256287866e-4
1408.81229773463	1.6844449859389e-4
1409.80906148867	1.66565364471738e-4
1410.80582524272	1.90367730019e-4
1411.80258899677	1.83432400077788e-4
1412.79935275081	1.75961035082499e-4
1413.79611650486	1.73711494715115e-4
1414.7928802589	1.61777186179715e-4
1415.78964401295	1.51622634481162e-4
1416.78640776699	1.43308068277216e-4
1417.78317152104	1.25537602804747e-4
1418.77993527508	1.73856043493742e-4
1419.77669902913	1.96095475372099e-4
1420.77346278317	1.75879726394522e-4
1421.77022653722	1.66824347700112e-4
1422.76699029126	1.79484411561535e-4
1423.76375404531	2.17314031501402e-4
1424.76051779935	2.09451180230665e-4
1425.7572815534	2.08180355551902e-4
1426.75404530745	2.17500740340462e-4
1427.75080906149	1.95463074465605e-4
1428.74757281554	1.98230581289737e-4
1429.74433656958	2.14320667210666e-4
1430.74110032363	2.17308008635626e-4
1431.73786407767	2.33283660106808e-4
1432.73462783172	2.33298717271248e-4
1433.73139158576	2.00630693301524e-4
1434.72815533981	1.58311026925553e-4
1435.72491909385	1.95746149157084e-4
1436.7216828479	2.48524521953303e-4
1437.71844660194	2.82496496363559e-4
1438.71521035599	2.94391656271414e-4
1439.71197411003	2.82562747887096e-4
1440.70873786408	3.10141450275991e-4
1441.70550161813	2.98143901649942e-4
1442.70226537217	3.0804248155301e-4
1443.69902912622	3.09771044030759e-4
1444.69579288026	2.92843779766949e-4
1445.69255663431	2.78259410290052e-4
1446.68932038835	2.88170035924673e-4
1447.6860841424	3.38738016981052e-4
1448.68284789644	3.54240873488809e-4
1449.67961165049	3.31561772408795e-4
1450.67637540453	3.52412933725753e-4
1451.67313915858	3.78567228358594e-4
1452.66990291262	3.40614139670317e-4
1453.66666666667	3.02492410740307e-4
1454.66343042071	2.2943806030875e-4
1455.66019417476	2.37255740086165e-4
1456.65695792881	2.90193718825452e-4
1457.65372168285	3.51416149439804e-4
1458.6504854369	4.15568704254243e-4
1459.64724919094	4.36778226084882e-4
1460.64401294499	4.36582482947158e-4
1461.64077669903	4.26530319966798e-4
1462.63754045308	3.72523282552248e-4
1463.63430420712	3.87297372301093e-4
1464.63106796117	4.59695230363053e-4
1465.62783171521	4.72532968764872e-4
1466.62459546926	4.83419298655225e-4
1467.6213592233	4.78423331493926e-4
1468.61812297735	4.77122392486282e-4
1469.61488673139	3.67647772706472e-4
1470.61165048544	3.17459232193988e-4
1471.60841423949	3.58080450421091e-4
1472.60517799353	4.36299408255679e-4
1473.60194174758	4.67687573247976e-4
1474.59870550162	4.02730965852424e-4
1475.59546925567	4.96269082788597e-4
1476.59223300971	5.51065115619819e-4
1477.58899676376	5.63508356313302e-4
1478.5857605178	5.49875599629034e-4
1479.58252427185	5.56841043899127e-4
1480.57928802589	5.71356150419598e-4
1481.57605177994	5.91168367390175e-4
1482.57281553398	6.01877022740132e-4
1483.56957928803	5.72274637450458e-4
1484.56634304207	5.42051896985842e-4
1485.56310679612	4.75643778938243e-4
1486.55987055017	4.98148216910749e-4
1487.55663430421	4.38046039330757e-4
1488.55339805826	4.14276799545263e-4
1489.5501618123	4.97789856397069e-4
1490.54692556635	5.68919901213154e-4
1491.54368932039	5.84368551928925e-4
1492.54045307444	5.61328078902343e-4
1493.53721682848	5.00072522526222e-4
1494.53398058253	4.13906393300031e-4
1495.53074433657	4.79655007545145e-4
1496.52750809062	4.6486586063186e-4
1497.52427184466	4.47938596368049e-4
1498.52103559871	5.23396070244282e-4
1499.51779935275	5.29527347604382e-4
1500.5145631068	5.17731564981833e-4
1501.51132686085	5.03246572790243e-4
1502.50809061489	4.76080436707012e-4
1503.50485436894	3.44468773767039e-4
1504.50161812298	2.71429480499922e-4
1505.49838187703	2.1759710619288e-4
1506.49514563107	2.55691732226896e-4
1507.49190938512	3.25855107085912e-4
1508.48867313916	3.77127763438099e-4
1509.48543689321	4.06106782119944e-4
1510.48220064725	4.14487599847428e-4
1511.4789644013	4.05781547368033e-4
1512.47572815534	4.53356164133677e-4
1513.47249190939	4.27454829863434e-4
1514.46925566343	3.99147360715627e-4
1515.46601941748	3.25809935592591e-4
1516.46278317153	3.43724949843687e-4
1517.45954692557	4.54777560456844e-4
1518.45631067962	4.02995971946574e-4
1519.45307443366	2.96346076215768e-4
1520.44983818771	2.94816268308631e-4
1521.44660194175	3.48124653293149e-4
1522.4433656958	4.24979432029445e-4
1523.44012944984	4.02231067993005e-4
1524.43689320389	3.76925997434599e-4
1525.43365695793	4.06582588516258e-4
1526.43042071198	3.84054059080648e-4
1527.42718446602	3.86692074290592e-4
1528.42394822007	4.19459475545622e-4
1529.42071197411	4.02649657164446e-4
1530.41747572816	3.66470302447239e-4
1531.41423948221	2.97110980169336e-4
1532.41100323625	2.97421157756807e-4
1533.4077669903	3.93419615362528e-4
1534.40453074434	4.0079160307251e-4
1535.40129449839	3.86074730548539e-4
1536.39805825243	3.13074585908966e-4
1537.39482200648	1.89274579880633e-4
1538.39158576052	2.2747761749862e-4
1539.38834951457	3.02889919881532e-4
1540.38511326861	3.18850514188274e-4
1541.38187702266	3.91567584136369e-4
1542.3786407767	4.6271870898267e-4
1543.37540453075	4.35751327470052e-4
1544.37216828479	5.28111974146991e-4
1545.36893203884	6.29823119941371e-4
1546.36569579289	6.52213123464131e-4
1547.36245954693	6.12088791663559e-4
1548.35922330098	5.26488811820324e-4
1549.35598705502	5.97106913045438e-4
1550.35275080907	6.59738694251405e-4
1551.34951456311	6.28678775443907e-4
1552.34627831716	5.15933739547658e-4
1553.3430420712	5.06679606282636e-4
1554.33980582525	6.04692712490473e-4
1555.33656957929	4.94233354156265e-4
1556.33333333334	2.98475159267629e-4
1557.33009708738	2.83345720437993e-4
1558.32686084143	2.74049427112538e-4
1559.32362459547	5.2451933471153e-4
1560.32038834952	7.10171160827822e-4
1561.31715210357	7.37611337303866e-4
1562.31391585761	7.14471486991978e-4
1563.31067961166	6.37068627470055e-4
1564.3074433657	7.49747411842766e-4
1565.30420711975	7.92458564494185e-4
1566.30097087379	7.66882464975853e-4
1567.29773462784	5.87602830850706e-4
1568.29449838188	5.67570779279301e-4
1569.29126213593	7.86848265023721e-4
1570.28802588997	8.28044666932444e-4
1571.28478964402	8.36127352804009e-4
1572.28155339806	8.09159971291391e-4
1573.27831715211	7.12748947380005e-4
1574.27508090615	4.83750556272913e-4
1575.2718446602	6.47497219561422e-4
1576.26860841425	8.17555846183315e-4
1577.26537216829	8.53738212333411e-4
1578.26213592234	8.5968278085445e-4
1579.25889967638	8.62365967557716e-4
1580.25566343043	8.63055585689082e-4
1581.25242718447	8.85505817869604e-4
1582.24919093852	8.73926858414995e-4
1583.24595469256	8.70557065013251e-4
1584.24271844661	8.70481779191049e-4
1585.23948220065	8.84445793493005e-4
1586.2362459547	8.6257676785988e-4
1587.23300970874	8.61769703845879e-4
1588.22977346279	8.4183702955978e-4
1589.22653721683	8.55105402864592e-4
1590.22330097088	8.4112030853242e-4
1591.22006472493	8.56340090348698e-4
1592.21682847897	8.47450340463132e-4
1593.21359223302	8.53557526360127e-4
1594.21035598706	8.55608312156899e-4
1595.20711974111	8.66859025426708e-4
1596.20388349515	8.71939312708873e-4
1597.2006472492	8.53322634594858e-4
1598.19741100324	8.5344309191038e-4
1599.19417475729	8.43059671312334e-4
1600.19093851133	8.40551147716576e-4
1601.18770226538	8.21612246283538e-4
1602.18446601942	8.27385163129958e-4
1603.18122977347	8.32844890956019e-4
1604.17799352751	8.19645780607632e-4
1605.17475728156	7.99216219895002e-4
1606.17152103561	8.06491841752566e-4
1607.16828478965	7.68547787362953e-4
1608.1650485437	7.60742153317089e-4
1609.16181229774	8.01480817426826e-4
1610.15857605179	8.0824449569342e-4
1611.15533980583	7.91413597282027e-4
1612.15210355988	7.78822796377029e-4
1613.14886731392	7.56839336294158e-4
1614.14563106797	6.209092785927e-4
1615.14239482201	4.02173850768132e-4
1616.13915857606	6.45392227972665e-4
1617.1359223301	7.13595160021551e-4
1618.13268608415	7.32229906732894e-4
1619.12944983819	7.05783503109911e-4
1620.12621359224	6.94689384350282e-4
1621.12297734629	5.78315571823915e-4
1622.11974110033	5.57226507308799e-4
1623.11650485438	6.10878195642557e-4
1624.11326860842	6.56838684380198e-4
1625.11003236247	6.36981295916301e-4
1626.10679611651	4.71355498505639e-4
1627.10355987056	4.87945482285986e-4
1628.1003236246	6.18307400577413e-4
1629.09708737865	6.11468436488618e-4
1630.09385113269	5.87626922313811e-4
1631.09061488674	5.87587773686266e-4
1632.08737864078	5.51035001290939e-4
1633.08414239483	4.52907460633355e-4
1634.08090614887	2.9458438797625e-4
1635.07766990292	2.79262217441778e-4
1636.07443365696	4.33598152955085e-4
1637.07119741101	4.48423437063027e-4
1638.06796116506	4.7673692907661e-4
1639.0647249191	4.57144546706862e-4
1640.06148867315	4.49799661892873e-4
1641.05825242719	4.11569521378893e-4
1642.05501618124	3.9067921143439e-4
1643.05177993528	3.6436832229137e-4
1644.04854368933	2.75525029227689e-4
1645.04530744337	2.18054843991866e-4
1646.04207119742	2.26733793575268e-4
1647.03883495146	2.98725108197339e-4
1648.03559870551	2.87703263827022e-4
1649.03236245955	2.55782075213538e-4
1650.0291262136	1.72247938331516e-4
1651.02588996765	1.16798424563583e-4
1652.02265372169	1.46991050699319e-4
1653.01941747574	1.94634930421388e-4
1654.01618122978	2.55703777958449e-4
1655.01294498383	2.55059331320403e-4
1656.00970873787	2.37833935200674e-4
1657.00647249192	2.35114611302751e-4
1658.00323624596	2.2993494673528e-4
1659.00000000001	2.25396717372967e-4
1661	6.41609868265256e-4
1662	5.89674696677695e-4
1663	8.54885568263763e-4
1664	9.18008213030484e-4
1665	9.22567522423014e-4
1666	9.33911590112353e-4
1667	7.8437587862262e-4
1668	5.64369626119288e-4
1669	6.14979767236101e-4
1670	8.47914101127894e-4
1671	7.99532420348249e-4
1672	0.00108125497845958
1673	0.00108228488850729
1674	5.48945066866622e-4
1675	5.86473543517682e-4
1676	0.00119665910959598
1677	0.00119824914616088
1678	0.00120975583122618
1679	9.63667558479319e-4
1680	0.00113740615609043
1681	0.00120049567509538
1682	9.61532452561681e-4
1683	4.39663178791647e-4
1684	6.00094254470398e-4
1685	9.24862234283719e-4
1686	0.00130937403116335
1687	0.00119830636338576
1688	0.00128543012827035
1689	0.00126231135798868
1690	0.00132996319781905
1691	0.00148494659140329
1692	0.00149660987097877
1693	0.00148058904801426
1694	0.00127274597294582
1695	6.31699242630636e-4
1696	9.85771475877712e-4
1697	0.00139900933107659
1698	0.00109337599583403
1699	6.57865582995028e-4
1700	7.29212450979054e-4
1701	0.00119743003641533
1702	0.00155527258363826
1703	0.00129070013582446
1704	0.00118811567449255
1705	0.00120853017804074
1706	0.00137729087708787
1707	0.00157967723576314
1708	0.00167279375209498
1709	0.00153716182624944
1710	0.00156880897447011
1711	0.00171352940477183
1712	0.00169055518326879
1713	0.00148162196949487
1714	0.00119890563853048
1715	0.00130146600839929
1716	0.00101674707456434
1717	9.01990401498869e-4
1718	0.00118788379416016
1719	0.0016549510122332
1720	0.00168115047835936
1721	0.00167653696317485
1722	0.00162438496841934
1723	0.00160178115316153
1724	0.00168461362618064
1725	0.00167989772227793
1726	0.00166608427962037
1727	0.00165092171502897
1728	0.00161049623993959
1729	0.00117150461068198
1730	0.00147544853207434
1731	0.0015396191554861
1732	0.00127010494630299
1733	7.98011646739776e-4
1734	9.60499531081075e-4
1735	0.00145282965965208
1736	0.00145896394844507
1737	0.0014350622056125
1738	0.00144522880304261
1739	9.65926133145367e-4
1740	0.00143559522923369
1741	0.00146208981578288
1742	0.00132896039066732
1743	0.00124690486733334
1744	0.00146532409470466
1745	0.00143340591752407
1746	0.00133988888061811
1747	0.00130295064481311
1748	0.00125188878876309
1749	0.00145102581135213
1750	9.76017444753271e-4
1751	0.00141103398259864
1752	0.00177922080179207
1753	0.00179195314004281
1754	0.00182394660304561
1755	0.00181915541332069
1756	0.00162945923283573
1757	0.00186890729606441
1758	0.0019326924560665
1759	0.0019514145343316
1760	0.00186531766806184
1761	0.00133832895838209
1762	0.00189697083914828
1763	0.00194585844065312
1764	0.00193099400791764
1765	0.00196560741753305
1766	0.00191587360338666
1767	0.0012477239770789
1768	0.00171683294665004
1769	0.00175891470982785
1770	0.00149938942353445
1771	0.00125558682834963
1772	0.00121164701107988
1773	0.00169521386994662
1774	0.0016132185752704
1775	0.0015576606499185
1776	0.00172475000371276
1777	0.00169434657727486
1778	0.00161559760725197
1779	0.00145407940430063
1780	0.00139301356819646
1781	0.00157160057275735
1782	0.00162595693638691
1783	0.00158664569146612
1784	0.00143868194794396
1785	0.00145281761392053
1786	0.00155135470945089
1787	0.00151249216803042
1788	0.00149459823380954
1789	0.00136306486812466
1790	0.00115280662387999
1791	0.00116683688970548
1792	9.55365038006925e-4
1793	0.00121405314595745
1794	0.00137753480315181
1795	0.00126676827866302
1796	0.00124342365091474
1797	0.00133681119620651
1798	0.00112847424614443
1799	0.0010468583920121
1800	0.00119458122090322
1801	0.00109990478233536
1802	0.00110508143546994
1803	0.00120348301652034
1804	0.00124933208224112
1805	0.00122402400024983
1806	0.00119968559964849
1807	0.0011529300926284
1808	0.00117052288356047
1809	0.00100483083462627
1810	9.33203903383658e-4
1811	0.00102489902339234
1812	0.00103803489365007
1813	0.00106145179578766
1814	0.0010603586456493
1815	0.00103277392039462
1816	9.98476711232457e-4
1817	9.42226156316299e-4
1818	9.48595336874556e-4
1819	9.41099880416163e-4
1820	9.09976721518016e-4
1821	8.77658023763307e-4
1822	8.24762205084453e-4
1823	8.08786553613271e-4
1824	7.45639817383446e-4
1825	5.71669339439957e-4
1826	7.08692547279782e-4
1827	7.32817136146067e-4
1828	6.84077094852742e-4
1829	5.72033722819413e-4
1830	5.70645452258015e-4
1831	6.6495750744642e-4
1832	6.16566792368111e-4
1833	6.03927808536904e-4
1834	6.11239567589125e-4
1835	5.89138661623619e-4
1836	5.37456450398656e-4
1837	5.44214105799472e-4
1838	5.37245650096491e-4
1839	5.16216814239136e-4
1840	5.02617183316637e-4
1841	4.63299915530066e-4
1842	4.39154246633565e-4
1843	3.27905892882684e-4
1844	3.07834692683734e-4
1845	3.8538812385006e-4
1846	3.8398780755711e-4
1847	3.5234065933644e-4
1848	3.27306617737959e-4
1849	3.25105260296784e-4
1850	3.32892825745319e-4
1851	3.01856998400926e-4
1852	3.05723678229201e-4
1853	3.00950557101618e-4
1854	2.91931315601865e-4
1855	3.12836682710809e-4
1856	2.85480826355631e-4
1857	2.69330511776941e-4
1858	2.39592612007303e-4
1859	2.58874816789581e-4
1860	2.43182240009876e-4
1861	2.30239101456975e-4
1862	2.12932396649268e-4
1863	2.1843729596865e-4
1864	2.04617830445322e-4
1865	1.72431635737688e-4
1866	1.52655555961768e-4
1867	1.50195215292219e-4
1868	1.38354261176349e-4
1869	1.15849823203843e-4
1870	1.45792500409869e-4
1871	1.43738703180209e-4
1872	1.54408209902622e-4
1873	1.60641875980915e-4
1874	1.34701393083127e-4
1875	1.23685571578587e-4
1876	1.28299086763102e-4
1877	1.24977476287567e-4
1878	1.25218390918612e-4
1879	1.20674138690522e-4
1880	1.14045974903892e-4
1881	1.09074099205698e-4
1882	1.09296945239415e-4
1883	9.98079202091232e-5
1884	1.06384889636656e-4
1885	8.73526337840883e-5
1886	8.98310430509654e-5
1887	7.9038067580142e-5
1888	5.9298124998879e-5
1889	5.18147142720386e-5
1890	5.38293628741538e-5
