7.698334029995481612e-04
7.448972049070523788e-04
6.069882651364689151e-04
5.267565646152075299e-04
5.838820842706772193e-04
6.483548050302877317e-04
5.521747078214486997e-04
3.740217735715692035e-04
3.005459832080592834e-04
3.577473176583277582e-04
4.763057578497846643e-04
6.275512847098394268e-04
7.954738791659009874e-04
8.987535221453795244e-04
8.143801945756841973e-04
5.520238773842245286e-04
3.126845514984099043e-04
2.450321978456498646e-04
2.857267973533540598e-04
3.604383309489318137e-04
4.661667795597924328e-04
5.662421241133459068e-04
5.803343455370011967e-04
5.071134247581679912e-04
4.402493427042559028e-04
4.213920803026742663e-04
4.402216184808324922e-04
5.107379381661403001e-04
5.932610202860069074e-04
5.904808457678420441e-04
5.187073955390550471e-04
5.029506505270554557e-04
5.765505916592527334e-04
6.081671998630561789e-04
4.517904560658756938e-04
1.601103411951205341e-04
0.000000000000000000e+00
0.000000000000000000e+00
0.000000000000000000e+00
2.455257895245424420e-04
5.665885331970559827e-04
7.029977913604519048e-04
6.664335449421395028e-04
5.678757748695281542e-04
4.840044620700275409e-04
4.681495874710470215e-04
5.443111319999962335e-04
6.558190765842844636e-04
6.980134021513215072e-04
6.545640896285166883e-04
5.997911199432791763e-04
5.223644740230187419e-04
3.486241327951449583e-04
1.595700771870670054e-04
1.251922881261948763e-04
2.731707465399376041e-04
4.638254333557047943e-04
5.438363295009059593e-04
4.701934159029505771e-04
3.278966734892479248e-04
2.119560831872078967e-04
1.663616259242398088e-04
1.727832826277529363e-04
1.588810342251570362e-04
1.060048616438615497e-04
9.214474581127553472e-05
1.649606676548092798e-04
2.694626081018714186e-04
2.966505480798721506e-04
2.101844685162205899e-04
1.033943503383261998e-04
3.063017447359835284e-05
0.000000000000000000e+00
0.000000000000000000e+00
0.000000000000000000e+00
0.000000000000000000e+00
1.086977623067932573e-04
2.713588397966651238e-04
3.613657260915703259e-04
3.877284021189177522e-04
3.874368488061175238e-04
3.374910470805786780e-04
2.525709778697111246e-04
2.109866221009239727e-04
1.900979607016269404e-04
1.195449745992293016e-04
3.534764472114064991e-05
0.000000000000000000e+00
2.533987734752826855e-05
1.645194017068235277e-04
3.373845060000654501e-04
4.105951711546641531e-04
3.784913780980284775e-04
3.317431077575682882e-04
3.000003410606930619e-04
2.676130589348119874e-04
2.692312423073347713e-04
3.172048721056708494e-04
3.351939292572298813e-04
2.825383946894210498e-04
2.125582493296539893e-04
1.829234741053380880e-04
1.713040499438829578e-04
1.670399577726982936e-04
2.021211785191929025e-04
2.715476931107769099e-04
2.996594824748596234e-04
2.544565275388506204e-04
2.259288092301588169e-04
2.977563084761943903e-04
4.442590062043664644e-04
5.757868833420848147e-04
6.026499208167583697e-04
5.282080995557972627e-04
4.534414004866106282e-04
4.403498045366079430e-04
4.592832926331987062e-04
4.718918457037924764e-04
4.818554446757987875e-04
5.061640704766270579e-04
5.501577040336867210e-04
6.014963262743872573e-04
6.425099181261381426e-04
6.675484605163490258e-04
6.979319343724289804e-04
7.436603206217881710e-04
7.377436001918358070e-04
6.241717540099807251e-04
4.649447630036334864e-04
3.424026081002029022e-04
2.542152702270982032e-04
1.713627303117297006e-04
6.186496928150620259e-05
0.000000000000000000e+00
0.000000000000000000e+00
0.000000000000000000e+00
0.000000000000000000e+00
0.000000000000000000e+00
0.000000000000000000e+00
0.000000000000000000e+00
0.000000000000000000e+00
0.000000000000000000e+00
0.000000000000000000e+00
0.000000000000000000e+00
0.000000000000000000e+00
0.000000000000000000e+00
0.000000000000000000e+00
0.000000000000000000e+00
0.000000000000000000e+00
0.000000000000000000e+00
0.000000000000000000e+00
0.000000000000000000e+00
0.000000000000000000e+00
0.000000000000000000e+00
0.000000000000000000e+00
0.000000000000000000e+00
0.000000000000000000e+00
0.000000000000000000e+00
4.071808937514175344e-05
1.002821488046243704e-04
1.385204530867179332e-04
1.571129831488314935e-04
1.440497199183751742e-04
5.400064432275770293e-05
0.000000000000000000e+00
0.000000000000000000e+00
1.015983526190360198e-04
2.036058368368703474e-04
1.882974133265915163e-04
1.286630630156085711e-04
1.240527668313316529e-04
1.687765057011695637e-04
1.855242605525318691e-04
1.579460123128284457e-04
1.147217419094686761e-04
6.384143026986186832e-05
2.297505832141752240e-05
1.145260699154503764e-05
0.000000000000000000e+00
0.000000000000000000e+00
0.000000000000000000e+00
0.000000000000000000e+00
0.000000000000000000e+00
9.969163937254043109e-06
1.345436229048511696e-04
2.048018499102963359e-04
1.560738258809988514e-04
5.268953174436801640e-05
4.265894842781360434e-05
1.553020568587448833e-04
2.929688379645716510e-04
4.023092726727029930e-04
5.033233419105486665e-04
5.956910266055181081e-04
6.887423076850204742e-04
8.131371660764661821e-04
9.482155827072635997e-04
1.062297538504822789e-03
1.183073014396552941e-03
1.330851991309864139e-03
1.509984450172165192e-03
1.745460371910866147e-03
2.051609737453375520e-03
2.409452527727104498e-03
2.795298723659460360e-03
3.226158306177855008e-03
3.713041256209695211e-03
4.201927554682393165e-03
4.575827182523356865e-03
4.725410120659995217e-03
4.653346350019718983e-03
4.445285851529937916e-03
4.154578606118060173e-03
3.785874594711496031e-03
3.437863798237654998e-03
3.232526197623945743e-03
3.123531773797779028e-03
2.997220507686563021e-03
2.906592380217707522e-03
2.947967372318623103e-03
3.052365464916718431e-03
3.079776638939402469e-03
3.018190875314085992e-03
2.980628154968177103e-03
3.019738458829085946e-03
3.115531767824222115e-03
3.284008062880995702e-03
3.527827324926815361e-03
3.777329534889089895e-03
4.000504673695230023e-03
4.210032722272644308e-03
4.352233661548743360e-03
4.323447472450935372e-03
4.073344135906631011e-03
3.643253632843239560e-03
3.144515944188169994e-03
2.666451050868831954e-03
2.231058933812634162e-03
1.850689573946987573e-03
1.569662952199300625e-03
1.399979049496983098e-03
1.282647846767444831e-03
1.184329324938094685e-03
1.149013464936342842e-03
1.200390247689597963e-03
1.285439654125270208e-03
1.358501665170768532e-03
1.428236261753503249e-03
1.512993424800882858e-03
1.655093135240317918e-03
1.920205373999216494e-03
2.285000122004989150e-03
2.621137360185044930e-03
2.835287069466793566e-03
2.965449230777644600e-03
3.083623825045007753e-03
3.154810833196291554e-03
3.109010236158906391e-03
2.960222014860261659e-03
2.767106150227766070e-03
2.572682623188829280e-03
2.414931414670861386e-03
2.313852505601271710e-03
2.270465876907469538e-03
2.288081509516864433e-03
2.353049384356866065e-03
2.442689482354883524e-03
2.579681784438326696e-03
2.770346271534605050e-03
2.927362924571127317e-03
2.950381724475303717e-03
2.845752652174543974e-03
2.665135688596257605e-03
2.442530814667853191e-03
2.212938011316740311e-03
2.002027259470328443e-03
1.801458540056028682e-03
1.590901834001248521e-03
1.378687122233398284e-03
1.183494385679887762e-03
1.016303605268125201e-03
9.014647619255220651e-04
8.529678365794856384e-04
8.318128101574271717e-04
7.840096635867552146e-04
7.025483777948799032e-04
6.300989337092097187e-04
6.106613122571550017e-04
6.425654943661251832e-04
6.824814609635290394e-04
6.674191929767767442e-04
5.706886713332777819e-04
4.489798769604412890e-04
3.812827907856771066e-04
3.745873937363941933e-04
3.855836667400022906e-04
3.785815907239112061e-04
3.432611466155299166e-04
2.932823153422685347e-04
2.493250778315358150e-04
2.466994150107416645e-04
3.050953078072955130e-04
3.855027371486067188e-04
4.435816839620850688e-04
4.846721291751399964e-04
5.157840537151803413e-04
5.168974385096163082e-04
4.960222644858573032e-04
4.948285125713127591e-04
5.509861636933915778e-04
6.391451987795039591e-04
6.779855987570592140e-04
6.271673445534665763e-04
5.493704170961356045e-04
5.175747973124764870e-04
5.284604661298973952e-04
5.616874044758091329e-04
6.059355932776203275e-04
6.128550134627407282e-04
5.417856459585799513e-04
4.470574716925468373e-04
4.246804715920516303e-04
5.009746265845038508e-04
5.986199175973122566e-04
6.216063255578868803e-04
5.932638313936376522e-04
6.106124160319727212e-04
6.856320604003026363e-04
7.676627454260365538e-04
8.483644520365840516e-04
9.154171611593544915e-04
9.238208537217574602e-04
8.725555106512024317e-04
8.163111128750987107e-04
7.760776413208562464e-04
7.348450769158838478e-04
6.633034005875909460e-04
5.644325932633884133e-04
4.665726358706839653e-04
3.943835093368883073e-04
3.588851945894105337e-04
3.297176725556598062e-04
2.855709241630459676e-04
2.610949303389782910e-04
2.729696720108663009e-04
2.788551301061198331e-04
2.664112855521481513e-04
2.803181192763605934e-04
3.668956122061669493e-04
5.144837452689763474e-04
6.714224993921980283e-04
8.403718555032419456e-04
1.074991794529517883e-03
1.343292297398434925e-03
1.541273345037402417e-03
1.646924918373830239e-03
1.720256998335127109e-03
1.799269565848703439e-03
1.877952601841968413e-03
1.915646087242330996e-03
1.880020002977201210e-03
1.832404329973988605e-03
1.872469049160102508e-03
1.950544141462952265e-03
1.928619587809947541e-03
1.781385369128497646e-03
1.625151466346011746e-03
1.576267860389900504e-03
1.594054532187572136e-03
1.580191462666436951e-03
1.520668632753903937e-03
1.458816023377382861e-03
1.398313615464283040e-03
1.332161389942013467e-03
1.309009327737984838e-03
1.365207409779606307e-03
1.451745616994286120e-03
1.517623930309435236e-03
1.583512330652462686e-03
1.652750798950777204e-03
1.673999316131789383e-03
1.634917863122908053e-03
1.566516420851542853e-03
1.464454970245103243e-03
1.325073492230998979e-03
1.167701967736639026e-03
9.890103776894331334e-04
7.963287030167914924e-04
6.273169246461217635e-04
4.926550235048354938e-04
3.566629805203411305e-04
2.130207766200477477e-04
1.223783927313661177e-04
1.384258097817045452e-04
2.324730086984728994e-04
3.625299704090806721e-04
4.732666758409374320e-04
4.906831059214523862e-04
4.411092415780354294e-04
4.222050637380956803e-04
4.433105533290433199e-04
4.560956912782864608e-04
4.708904585132361268e-04
4.943648359613012251e-04
4.638488045498902462e-04
3.433323452064144642e-04
1.938354388582818038e-04
7.800806643290243529e-05
0.000000000000000000e+00
0.000000000000000000e+00
0.000000000000000000e+00
1.414735345071076612e-04
2.730335456066369099e-04
3.482629761933763585e-04
3.505118071947352799e-04
2.830900195381234538e-04
2.076875941509500299e-04
1.536245119606247100e-04
7.924075389455719452e-05
3.452630088015672810e-05
1.421611338448328099e-04
3.394652337159944234e-04
4.631185814210519221e-04
4.994411578874140712e-04
5.081129440424913320e-04
4.714539208136921556e-04
3.461440691284261260e-04
2.035033699141035324e-04
1.712118040981330195e-04
2.512593526079244001e-04
3.333159963708873155e-04
3.783817163144308476e-04
4.087864933659645771e-04
4.185403084528986541e-04
3.989631425026416399e-04
3.747349764426034704e-04
3.755057912001934055e-04
4.032955677028215134e-04
4.170942868778964533e-04
3.865619296528285693e-04
3.347084769550266563e-04
2.921939097119004812e-04
2.650282088508594015e-04
2.525313552993128235e-04
2.687133299846705160e-04
3.095741138343418696e-04
3.164436877757361224e-04
2.163120327362628905e-04
2.652912964333227312e-05
0.000000000000000000e+00
0.000000000000000000e+00
1.032327413178866105e-04
2.264846552852187687e-04
2.924152258361404494e-04
3.030144338980612483e-04
2.599622603983904340e-04
2.179186862645372726e-04
2.098736924239115714e-04
2.118472598039234170e-04
2.214893693319812916e-04
2.441500019354941355e-04
2.551391385418738667e-04
2.511467600785270791e-04
2.501628474728652754e-04
2.505173816522976698e-04
2.342103435442328789e-04
1.799117140760808642e-04
7.796147417525123649e-05
0.000000000000000000e+00
6.416086785196407558e-06
9.348090115079044256e-05
1.628940287933446779e-04
1.869854506402687799e-04
1.777451476189715034e-04
1.711831006568635856e-04
2.019692906813528796e-04
2.514236986198509563e-04
2.592163053997645523e-04
2.100170919485059434e-04
1.858360391934828649e-04
2.596531280621057220e-04
3.838183394817835763e-04
4.406516543799257005e-04
3.798330536839420509e-04
2.946825183212417164e-04
3.132100292192342011e-04
3.917455673053294330e-04
4.262891135069365404e-04
4.195106487514654175e-04
3.830701539663248275e-04
3.066376100789242401e-04
2.308729980166736653e-04
2.194562987069827945e-04
2.643874930772604874e-04
3.106465620549170737e-04
3.535934865673605407e-04
4.595382475420016575e-04
6.648308259062500093e-04
9.334612025875140516e-04
1.228429358513203999e-03
1.550405274610729481e-03
1.982398931807499449e-03
2.639060311030923169e-03
3.487059393208411830e-03
4.396406159267372132e-03
5.343750590135215410e-03
6.354112666739351531e-03
7.353482370007188677e-03
8.245849680866137316e-03
9.053534580243605134e-03
9.895957049067004296e-03
1.073098706826374447e-02
1.127172461876123008e-02
1.125446968148687693e-02
1.059762223736809145e-02
9.369382267332283798e-03
7.734119752306762262e-03
5.932894673219236623e-03
4.245007010996818334e-03
2.879126746567013586e-03
1.934263860857234757e-03
1.379398334794890808e-03
1.083540149307389610e-03
8.956992853221424494e-04
7.541857237665582862e-04
6.783594455680465578e-04
6.598604316540156601e-04
6.113786629518768671e-04
4.842341203890388520e-04
3.377667848929108430e-04
2.749666373909030476e-04
3.191736588104236022e-04
3.880578300788828285e-04
4.242891321236906804e-04
4.338475458722562596e-04
4.290930522519891595e-04
4.053356321902985317e-04
3.602552666145937641e-04
3.128519364522846982e-04
3.081156226307807822e-04
3.667263060774916383e-04
4.600039677198262088e-04
5.312885884851948053e-04
5.272501493010061779e-04
4.705586310946698395e-04
4.555340147935954456e-04
5.008462813251930625e-04
5.178354116168702725e-04
4.561613865960386684e-04
3.815041871901077731e-04
3.698437943264855712e-04
3.868601889325826246e-04
3.602133519358071724e-04
3.119132642635704788e-04
3.089499068432814428e-04
3.316632606023483480e-04
3.173733064681819125e-04
2.664300253681912804e-04
2.351633982297857747e-04
2.572334059803751266e-04
3.063100295473682004e-04
3.477232498581759017e-04
3.614830478402060888e-04
3.422494044208689544e-04
3.130123005275747133e-04
3.044617170877314365e-04
2.995776350287497267e-04
2.640300352780386873e-04
2.354888987630076539e-04
2.782942064110658677e-04
3.574359391496238682e-04
4.259140779060898926e-04
5.027386036078739396e-04
5.535694971823858224e-04
5.110667395570344437e-04
4.122403116592295892e-04
3.400901944163807044e-04
3.056063687558968449e-04
2.864688156051890811e-04
2.973275158916651156e-04
3.778724505427348643e-04
5.027436004858081529e-04
5.936309466482946311e-04
6.121844699576027733e-04
5.737541513411437144e-04
5.046499717263252995e-04
4.515619120405579400e-04
4.368099532112501918e-04
4.327340761658138302e-04
4.066542618316550985e-04
3.839204911361855915e-04
4.301927450068143005e-04
5.511410043709515181e-04
6.500952501560051250e-04
6.337154632893857772e-04
5.426816246985024985e-04
4.903137153107648642e-04
4.902917160535822175e-04
4.859356078543645551e-04
4.759253716405205305e-04
4.679109883394599531e-04
4.132424388785937031e-04
3.362497041853283741e-04
3.049227651870764673e-04
2.966116028112449413e-04
2.836261979852448822e-04
2.909865316364850744e-04
3.150225846923755506e-04
3.607243380803258712e-04
4.321017727277442610e-04
4.444848695620417112e-04
3.642136095106270326e-04
3.059379735009094912e-04
3.400079424602990650e-04
3.940734973162047031e-04
4.078246189960364927e-04
4.002412884272035266e-04
3.866634865371146139e-04
3.520911942531815882e-04
2.958543925028109776e-04
2.419630622134134445e-04
2.244071843123991456e-04
2.698567397271779082e-04
3.359717093851576162e-04
3.447720742137481281e-04
2.948978151403600697e-04
2.540389130924018690e-04
2.335153489972834409e-04
2.089971037824141318e-04
2.051541583752032865e-04
2.529764937030606637e-04
3.271440906933952009e-04
3.876469302736169908e-04
4.161549933711359596e-04
3.966682609133601219e-04
3.525167138277000584e-04
3.293703330415650825e-04
3.158990994823647480e-04
2.737729940775082780e-04
2.276419977544053529e-04
2.408560914404643712e-04
2.964052560630969606e-04
3.306194725497116956e-04
3.161787218277170314e-04
2.707429848245233948e-04
2.499822424675401250e-04
2.858864756841766799e-04
3.354656654018426352e-04
3.530497925479470032e-04
3.399788380499006377e-04
3.059027828351114451e-04
2.431716078309890255e-04
1.781052939649442005e-04
1.653838221643852500e-04
1.909971733567220314e-04
1.839453284693637163e-04
1.465682684297202071e-04
1.568659741652009363e-04
2.164984266032148573e-04
2.357956066711725147e-04
1.757774952964833055e-04
1.027540734065540955e-04
7.607532192879839020e-05
9.073122179062355526e-05
1.047217539194382745e-04
8.805689924265428306e-05
4.005663868767925240e-05
2.400953181922989635e-06
7.398236527955247971e-07
2.093231027705533265e-06
0.000000000000000000e+00
0.000000000000000000e+00
3.684048385075894445e-05
1.165418481159157752e-04
1.685776539221588762e-04
1.572878821968963590e-04
1.113325138675366408e-04
7.672152986149243653e-05
4.911491110617146987e-05
2.650263852898280571e-05
3.457469305733645339e-05
7.531105561864185130e-05
1.193817071403089833e-04
1.387966285497459467e-04
1.332058007743643080e-04
1.422992047415720315e-04
1.667168213787780569e-04
1.581486316133931969e-04
1.282446163728264907e-04
1.163547565844877049e-04
9.678903317578602290e-05
4.857042707413056735e-05
1.468691920693233292e-05
8.473490501598266583e-06
7.597121885439379017e-06
2.339179428616504526e-05
5.085748863088604237e-05
3.232618584710891720e-05
0.000000000000000000e+00
0.000000000000000000e+00
0.000000000000000000e+00
5.757662197522820345e-05
1.220660474601110296e-04
1.115623613809548376e-04
9.105254466516832235e-05
1.405565782401619300e-04
2.360644430333437571e-04
2.809061199721236361e-04
2.307515899839108608e-04
1.219308339961168702e-04
0.000000000000000000e+00
0.000000000000000000e+00
0.000000000000000000e+00
0.000000000000000000e+00
0.000000000000000000e+00
1.061044840130430638e-04
1.296496119956352857e-04
5.585836139791982950e-05
0.000000000000000000e+00
0.000000000000000000e+00
0.000000000000000000e+00
0.000000000000000000e+00
0.000000000000000000e+00
0.000000000000000000e+00
0.000000000000000000e+00
0.000000000000000000e+00
0.000000000000000000e+00
0.000000000000000000e+00
0.000000000000000000e+00
4.678882538461728857e-06
4.126997479102104214e-05
1.519742144700608841e-05
0.000000000000000000e+00
0.000000000000000000e+00
0.000000000000000000e+00
0.000000000000000000e+00
0.000000000000000000e+00
4.716447578979399494e-05
4.511486923722686330e-05
0.000000000000000000e+00
0.000000000000000000e+00
0.000000000000000000e+00
2.794827052807007627e-05
5.458148236310664952e-05
3.988380065789284747e-05
0.000000000000000000e+00
0.000000000000000000e+00
1.347720357483940621e-05
5.079175698271707826e-05
3.610932148729109614e-05
0.000000000000000000e+00
0.000000000000000000e+00
2.308089085628812782e-05
1.874430902224345861e-05
0.000000000000000000e+00
0.000000000000000000e+00
0.000000000000000000e+00
0.000000000000000000e+00
0.000000000000000000e+00
5.450380888034271447e-06
1.279980866649810083e-05
0.000000000000000000e+00
0.000000000000000000e+00
0.000000000000000000e+00
0.000000000000000000e+00
0.000000000000000000e+00
0.000000000000000000e+00
0.000000000000000000e+00
0.000000000000000000e+00
0.000000000000000000e+00
0.000000000000000000e+00
0.000000000000000000e+00
0.000000000000000000e+00
0.000000000000000000e+00
5.064625323589514675e-05
1.007024117780112513e-04
7.709506645697870690e-05
2.582219820021047340e-05
2.155278793511264997e-05
4.895181658909667465e-05
6.235426508957055396e-05
7.642511436394450360e-05
1.161643453396285107e-04
1.112399389440323983e-04
5.098487610456314909e-05
4.773213774863279552e-05
1.281477048036504512e-04
2.088995581970246474e-04
2.603196788561659009e-04
2.820760477084821582e-04
2.621676456813844432e-04
2.309274537022816022e-04
2.093574526985838820e-04
1.927886235976990301e-04
2.005559473270377173e-04
2.273244048140096729e-04
2.557629769860241811e-04
3.145356447704904810e-04
4.026413890948178035e-04
4.687521908864173640e-04
5.148650310726958328e-04
5.969798905810634083e-04
7.144367503389306793e-04
8.248855912737077575e-04
9.440063943128031675e-04
1.107459140383624521e-03
1.319253810413585463e-03
1.564380385330091600e-03
1.752838846060554351e-03
1.802309173532382026e-03
1.818771348672986376e-03
1.979905352409774659e-03
2.271711165670156456e-03
2.497848769381542412e-03
2.535988144471341445e-03
2.562129271866962765e-03
2.816932132495815824e-03
3.097746707285310361e-03
3.034892977162857546e-03
2.699370923055863930e-03
2.452520525891741313e-03
2.468011766597896263e-03
2.622824626101741795e-03
2.668649085330685594e-03
2.585135125212137223e-03
2.595962726673505493e-03
2.760121870642201491e-03
2.850282538045633210e-03
2.704114709811211194e-03
2.466608366866345804e-03
2.296103490138442713e-03
2.134940060554915350e-03
1.940778059043172252e-03
2.066947466530620961e-03
2.662118263944673185e-03
3.172290432212738175e-03
3.181793952262224404e-03
2.845298805020541992e-03
2.662144971415101105e-03
2.772322432373308838e-03
2.792171168822576988e-03
2.490011161690314223e-03
2.037532391903929332e-03
1.664714840390833393e-03
1.435558488078436147e-03
1.214083315894144742e-03
8.399293047653693008e-04
4.007864356195201460e-04
9.364168938400690458e-05
0.000000000000000000e+00
0.000000000000000000e+00
0.000000000000000000e+00
0.000000000000000000e+00
0.000000000000000000e+00
7.126725022905575860e-06
6.132230512720620967e-05
6.951885556111866288e-05
3.571635725205127374e-05
0.000000000000000000e+00
0.000000000000000000e+00
0.000000000000000000e+00
0.000000000000000000e+00
0.000000000000000000e+00
0.000000000000000000e+00
0.000000000000000000e+00
0.000000000000000000e+00
0.000000000000000000e+00
0.000000000000000000e+00
0.000000000000000000e+00
0.000000000000000000e+00
0.000000000000000000e+00
0.000000000000000000e+00
4.744706409700721059e-05
1.199901920279656262e-04
1.475339469819043903e-04
1.337453098862363557e-04
1.049572616683672362e-04
6.116978325571069365e-05
2.382855575673397102e-06
0.000000000000000000e+00
0.000000000000000000e+00
0.000000000000000000e+00
6.124027072991488924e-05
1.501228106241197331e-04
1.480057868154021012e-04
1.022221802311693560e-04
7.843897179883439373e-05
6.465614244580299543e-05
1.520667309948958712e-05
0.000000000000000000e+00
0.000000000000000000e+00
0.000000000000000000e+00
0.000000000000000000e+00
0.000000000000000000e+00
1.885134909753984284e-05
5.240486576569473951e-05
2.895758985984101235e-05
0.000000000000000000e+00
0.000000000000000000e+00
0.000000000000000000e+00
0.000000000000000000e+00
2.705865417976032698e-05
5.227922230544913319e-05
3.116686434899499899e-05
5.356123780809367643e-08
2.160829389929682688e-05
9.816204326086960417e-05
1.560497902499408530e-04
1.632705157939137925e-04
1.691572008202012005e-04
1.727118262562140358e-04
1.202653730293572285e-04
4.148582206704444194e-05
1.670615429668405750e-05
5.859335064568356325e-05
1.081463920414557135e-04
1.003662594114072392e-04
4.625293368294827517e-05
1.138395783490590927e-06
0.000000000000000000e+00
0.000000000000000000e+00
0.000000000000000000e+00
0.000000000000000000e+00
0.000000000000000000e+00
4.111664473065396001e-05
1.070010876016566832e-04
1.275511657209349122e-04
9.843486001589790615e-05
3.665115141395408659e-05
0.000000000000000000e+00
0.000000000000000000e+00
0.000000000000000000e+00
5.184490658531175919e-05
1.517258974099816278e-04
2.469393709022038087e-04
2.588183079893840652e-04
1.456976895989368979e-04
0.000000000000000000e+00
0.000000000000000000e+00
0.000000000000000000e+00
3.208279809035791564e-06
1.064175979415783388e-04
2.149592461609508079e-04
2.671672053945590660e-04
2.387074565698131014e-04
1.802479806141214498e-04
1.451197584548976596e-04
1.326587710195458055e-04
1.311959992354795363e-04
1.293994240301037124e-04
1.129350263308328477e-04
7.413678706507363398e-05
3.867168716023964875e-05
6.020470754373321936e-05
1.220708291429671230e-04
1.502690328853540746e-04
1.474662996982989611e-04
1.603286105092137674e-04
1.851909462455059488e-04
1.970522878345882189e-04
2.025786162038673618e-04
1.844379122807542721e-04
1.272951569926565390e-04
8.481933126698601249e-05
9.667441603115111489e-05
1.291963922125593741e-04
1.470492407386261445e-04
1.442349425367545925e-04
1.214194785343557475e-04
9.693682965884148719e-05
6.611897683761849050e-05
1.596620099809859309e-05
1.514588306769025202e-05
1.063240039738017908e-04
1.925011446438460328e-04
1.906769860052278526e-04
1.678515089853617546e-04
1.713586945116526777e-04
1.475305235115133740e-04
9.070097691234958108e-05
5.220303564157411193e-05
3.903738062659621274e-05
3.153689279482339933e-05
2.636835307366756800e-05
3.553164239053710895e-05
7.702674167284129703e-05
1.478540318479894125e-04
2.340127938433924650e-04
3.071700085864579352e-04
3.326586570045952040e-04
2.901457200252143182e-04
1.962981785757280133e-04
1.004490135835395530e-04
3.559850597606425618e-05
0.000000000000000000e+00
0.000000000000000000e+00
0.000000000000000000e+00
0.000000000000000000e+00
0.000000000000000000e+00
0.000000000000000000e+00
0.000000000000000000e+00
6.906402225497585844e-05
1.788638728433231161e-04
2.253295900904736331e-04
2.161254549238410380e-04
2.072534482708328503e-04
2.113795510588600661e-04
2.161707442153285085e-04
2.289600086676508832e-04
2.480803253432339308e-04
2.298646751694894156e-04
1.486480390738284052e-04
5.076239798365412919e-05
0.000000000000000000e+00
0.000000000000000000e+00
0.000000000000000000e+00
0.000000000000000000e+00
9.630345007449270592e-05
1.377386784928654221e-04
7.950516840859493607e-05
2.660280074909225092e-05
3.369825644176490591e-05
5.279151641402393268e-05
3.888256159327597024e-05
1.497137290693550395e-05
2.272463128240745996e-05
5.980891764710286393e-05
8.755754292843270987e-05
8.763719805380538574e-05
7.304795395062931257e-05
6.712296154631376146e-05
8.319560176826887429e-05
1.272658555439065209e-04
1.866670038006342392e-04
2.200654274658603987e-04
1.951287074669951762e-04
1.151892547314513300e-04
2.913960186632004066e-06
0.000000000000000000e+00
0.000000000000000000e+00
0.000000000000000000e+00
0.000000000000000000e+00
0.000000000000000000e+00
2.208986857941898536e-06
0.000000000000000000e+00
0.000000000000000000e+00
0.000000000000000000e+00
1.000203192585741481e-04
1.473830960207896893e-04
6.007686210264708134e-05
0.000000000000000000e+00
0.000000000000000000e+00
0.000000000000000000e+00
1.982243817468079842e-05
1.516936476588924988e-05
2.684546624119604633e-05
1.118530235280113276e-04
1.971907875537426804e-04
1.851922992458027910e-04
1.091909395316001055e-04
7.751992933854213064e-05
9.651267959403902997e-05
1.005024712255017828e-04
8.782228516033967777e-05
1.068061023259593719e-04
1.567872036497762163e-04
1.754316700591925470e-04
1.224063824816228236e-04
5.471102184447372454e-05
3.367956907515974444e-05
3.831200510108319292e-05
5.627431084965765665e-05
1.142334672482924547e-04
2.011894552243976750e-04
2.668089557053791991e-04
2.834251496186513623e-04
2.453715478916201269e-04
1.643146414516964053e-04
9.458820122628861220e-05
1.075247781428077668e-04
1.994577531286640315e-04
2.963877071112640260e-04
3.379809210180187819e-04
3.189041757763392388e-04
2.778240523136321877e-04
2.467405315573068100e-04
2.233202944347776350e-04
1.825632218734469495e-04
1.138030948007301131e-04
4.337179414403381978e-05
3.493800083076816290e-05
9.983369578834072546e-05
1.790588599441667983e-04
2.202811742256487334e-04
2.071662195601984473e-04
1.803809768752286081e-04
1.949258270981442409e-04
2.474663511563596923e-04
3.000036299772791855e-04
3.265372444883161561e-04
3.367337756168774492e-04
3.632600042903748197e-04
4.037824114362149495e-04
4.063011779818088412e-04
3.544827848545666852e-04
3.249940129818985955e-04
3.871680432912103691e-04
4.863386567099173535e-04
5.321717341654236700e-04
5.460009565851392695e-04
5.704923048964771239e-04
5.796477600268437353e-04
5.647983029036518499e-04
5.379449144543057334e-04
4.864215756062187325e-04
4.558939672867994529e-04
5.023619704234588181e-04
5.674936659436025316e-04
5.972873347746435017e-04
6.427429578439883360e-04
7.001955160790497481e-04
6.956439904072370378e-04
6.357543617559568809e-04
6.038606110526201871e-04
6.302967192246372282e-04
6.703946671994163130e-04
6.844894359043667866e-04
6.922460062669005040e-04
7.399983592144233555e-04
8.490794756743486309e-04
9.694903365740807155e-04
1.028229922841034788e-03
1.025965215402617828e-03
1.040029195186237656e-03
1.100422843119306564e-03
1.173145140129232007e-03
1.264529067143425065e-03
1.431909605089294948e-03
1.676288734894249141e-03
1.897323437485698514e-03
2.007023693791054261e-03
2.024049484737723038e-03
1.995080791253116183e-03
1.905427594264641521e-03
1.724109874699710377e-03
1.498787613485730872e-03
1.340130791550113356e-03
1.291132389820267385e-03
1.251130389223601737e-03
1.125789770687526687e-03
9.684445151394507900e-04
8.847606035067832365e-04
8.914060167169350971e-04
9.400467356973153969e-04
1.004349741375231038e-03
1.067981014678396484e-03
1.128274536533917412e-03
1.202896287869303221e-03
1.277846249611967397e-03
1.329125402689315064e-03
1.374065728028755172e-03
1.439001206557701798e-03
1.531265819203559558e-03
1.646858546893740973e-03
1.751446370555656724e-03
1.780699271116712151e-03
1.703607229504319406e-03
1.591510226645888662e-03
1.524418243468827171e-03
1.489978260900444353e-03
1.446536259868452280e-03
1.386422221299958828e-03
1.290970126122473801e-03
1.170845955263406356e-03
1.085383689650163894e-03
1.069250310210160832e-03
1.074110797870805097e-03
1.054300133559500901e-03
9.884832982036643057e-04
8.696622727307043357e-04
7.378360380680241710e-04
6.490035751430415839e-04
6.161668648831583866e-04
6.133245882157913401e-04
6.154769260683429959e-04
6.399573593682285604e-04
6.990991690428538345e-04
7.329019360196308312e-04
7.017003412259660827e-04
6.688253655892714830e-04
6.806129900369564233e-04
6.897271954964300303e-04
6.441702628951016373e-04
5.462742731603804046e-04
4.343731072196749211e-04
3.594654460003952542e-04
3.385532704299532339e-04
3.653015614357555839e-04
4.490452999452140869e-04
5.461157668857372170e-04
5.721810431847308047e-04
5.309073097696110624e-04
5.152946475677837009e-04
5.620097375066553883e-04
5.990523605136416005e-04
5.534226975161489264e-04
4.324540294415883581e-04
2.974799372173639539e-04
2.048331017708919207e-04
1.931805040295790231e-04
2.395221249208326721e-04
2.768579453720673949e-04
2.845209463106872748e-04
2.998451086641059520e-04
3.434964133597299550e-04
3.934758413249712884e-04
4.231153734872366385e-04
4.064159907739368829e-04
3.457106741124823016e-04
2.996664044302811756e-04
3.219491626547454433e-04
3.772259297132800164e-04
3.941636865332985270e-04
3.570944140422093924e-04
3.123530931674218256e-04
2.912727048363425290e-04
2.895192299763868016e-04
2.997596495149596938e-04
3.079939443794703531e-04
2.958890954973324530e-04
2.841110837959508954e-04
3.139928902027384807e-04
3.705364956451026831e-04
4.104058810504527264e-04
4.309370273461997922e-04
4.357939154597530000e-04
4.413125263185216081e-04
4.794908408499132485e-04
4.923288399813405530e-04
4.324945046402111932e-04
3.733208157539335431e-04
3.894737542499202140e-04
4.466203010555780395e-04
4.417604370983187743e-04
3.262271433055499953e-04
1.846884006046826910e-04
1.264751899231235854e-04
1.365894921882836220e-04
1.463642883275730359e-04
1.571325592684026792e-04
1.935602859381784727e-04
2.466484492643123035e-04
3.073970301742133321e-04
3.591380095952909275e-04
3.362063684549542906e-04
2.502680876806136342e-04
2.246571481996763949e-04
3.023715309395545378e-04
3.854132168276564472e-04
3.761151867913904603e-04
2.974764217581694274e-04
2.648319026553982210e-04
3.295126104104895278e-04
3.931875259508544576e-04
3.331886302038979055e-04
1.835159040970308362e-04
7.683732855766605557e-05
8.248388451320763474e-05
1.804575528910690521e-04
2.994243146186606171e-04
3.630511506233862992e-04
3.520040418326614664e-04
3.342829691738927601e-04
3.695559135744903444e-04
4.061538559618618001e-04
3.477457772634197494e-04
2.399966584065735351e-04
2.462414803187290340e-04
3.771452239272997256e-04
4.667078701596932312e-04
4.502643999433161739e-04
4.161467942055830228e-04
4.083550338739021669e-04
4.015570998756829509e-04
3.597509731383337394e-04
2.962716345892612083e-04
2.844510651558824436e-04
3.519572457656005974e-04
4.384551573458267187e-04
4.716137808239726577e-04
4.040970971274433668e-04
2.565740871836524146e-04
1.400437319200065504e-04
1.245050122639166767e-04
1.636269091427948420e-04
2.037404034840448923e-04
2.565134762150778850e-04
3.346121082633084481e-04
4.147042805561387650e-04
4.657879740209824719e-04
4.635311695852506182e-04
4.495998481763480745e-04
4.749949907216859091e-04
4.920485781486751229e-04
4.377615913847275370e-04
3.508010113572463924e-04
3.111648189936443913e-04
3.125219952213308680e-04
2.875375209677176773e-04
2.528793771602096552e-04
2.892135447262188545e-04
3.805390045931543582e-04
4.348577376884272985e-04
4.378347249394443129e-04
4.171379472736172272e-04
3.537663856183519075e-04
2.710540209010637138e-04
2.593328340491591949e-04
3.322718059900434551e-04
4.145349176511325300e-04
4.677911499598358435e-04
4.783724838435573622e-04
4.446129002297080982e-04
4.091783800457051974e-04
3.987359042189457005e-04
3.726184536768493592e-04
3.221600093468193716e-04
2.713605521562692784e-04
2.235520630326048690e-04
1.867365229032416033e-04
1.589129126955826166e-04
1.414142133370397368e-04
1.659074057550214559e-04
2.183924708769378973e-04
2.608693896302007693e-04
3.000041429422178321e-04
3.574647117403965913e-04
4.359170769521496431e-04
5.026952195048863242e-04
4.994641203260125279e-04
4.088917603429426725e-04
3.003111204831807697e-04
2.650551816738430048e-04
2.927919248426336107e-04
3.138523309168625864e-04
3.082383808239401576e-04
2.852830554912788889e-04
2.673193358462848303e-04
3.056802028163662548e-04
3.830326373289349626e-04
4.223766203114020937e-04
4.210451326911734157e-04
4.080391553956572940e-04
3.763576693522707826e-04
3.566676554884145971e-04
3.649690947315040353e-04
3.272619680089490632e-04
2.112122562481531319e-04
1.298219403765314348e-04
1.984220013214898657e-04
3.473474200104410521e-04
4.159301773707908627e-04
3.791712543299537771e-04
3.324036318153312771e-04
3.296272907543456015e-04
3.498422120743938015e-04
3.543813767028870581e-04
3.399127655672450629e-04
3.387673595948646451e-04
3.819471397131623657e-04
4.504520868495490399e-04
4.826141819314252990e-04
4.501004058862091272e-04
4.129117396413062280e-04
4.350471641241320745e-04
4.731736602620880230e-04
4.616242089825851945e-04
4.280657912130379468e-04
4.264993878808503742e-04
4.569229799134335050e-04
4.890045482382009536e-04
5.077440737825593495e-04
5.158075374739120190e-04
5.231949202396793180e-04
5.245732030072620088e-04
5.002763667040718582e-04
4.383033922575242268e-04
3.433212605950188186e-04
2.519969526439710776e-04
2.219964493317919552e-04
2.736527315858855013e-04
3.853007803336697384e-04
5.046055765025451220e-04
5.925681010199236771e-04
6.318553348132135723e-04
5.991322588098313634e-04
5.217338539371826032e-04
4.986591011226713640e-04
5.359079812937122666e-04
5.298144753777178553e-04
4.907115643020923705e-04
5.122662289942433176e-04
5.491444503815885768e-04
4.966792093915269914e-04
4.002054869514791880e-04
3.723882639888518014e-04
3.925625214310437964e-04
3.880592402054780727e-04
3.662144012395572188e-04
3.526919854606938706e-04
3.581609737962946315e-04
4.086203471737714487e-04
4.920690865205292744e-04
5.595091727639799062e-04
5.646055868315379318e-04
4.826933096506064473e-04
3.954373221485974052e-04
4.145046052529260125e-04
4.998961398909886576e-04
5.322769069902033579e-04
5.149818874779826718e-04
5.356770622817255949e-04
5.856964123288499078e-04
5.837049185467607822e-04
5.193705618628715595e-04
4.686933232045916776e-04
4.526721834993269449e-04
4.106411236744917639e-04
3.242671246574903212e-04
2.572171673757352476e-04
2.541562327566340186e-04
3.020853017275977733e-04
3.666713552160340501e-04
4.202473741493554897e-04
4.194803394549706044e-04
3.820362320602876385e-04
3.872490328927159949e-04
4.397847228796632766e-04
4.396432829485438050e-04
3.511586940267668981e-04
2.566639370417365951e-04
2.248259929208691176e-04
2.303108425915651597e-04
2.544514669812425684e-04
3.062498470174089852e-04
3.680369636271726020e-04
4.274807977382385788e-04
4.519143302779247843e-04
3.873375421736403694e-04
2.640834143527835557e-04
1.751529277427764071e-04
1.805450632710205302e-04
2.672598018649311683e-04
3.552981244519142542e-04
4.086590119593754575e-04
4.693424453147345570e-04
5.170164054453937549e-04
4.980118732787624809e-04
4.316648297422534270e-04
3.726392557632739709e-04
3.559371322692336153e-04
3.898914401875398046e-04
4.505011604456078244e-04
4.951012739708427184e-04
4.690227616906553557e-04
3.536016045324586431e-04
2.215017834236512884e-04
1.590592792916547139e-04
1.726050730638731398e-04
2.301401456677157255e-04
3.139984780305916847e-04
3.898460510799122260e-04
4.286818457430845988e-04
4.545078429475192311e-04
5.209890236206295632e-04
6.351263686898249439e-04
7.132528590825058107e-04
6.937024757260885476e-04
6.108071995479824080e-04
5.305670114755956651e-04
4.896498924363351050e-04
4.850558233576160515e-04
5.121167851668468642e-04
5.548327587914299742e-04
5.502057251587858921e-04
4.848996651963142709e-04
4.719165598314322557e-04
5.572563899915430798e-04
6.292511366040628561e-04
6.192347805963956554e-04
5.688733028959473779e-04
5.018346844301376126e-04
4.394519061263695665e-04
4.200579489120568341e-04
4.373187937146001377e-04
4.369024214614207480e-04
3.791408130799211323e-04
2.830349494975087626e-04
2.225848116415979610e-04
2.561223804395947696e-04
3.346496368189153230e-04
3.338315617069584351e-04
2.180031360311454744e-04
9.282934071887282215e-05
4.397715669756448609e-05
4.711356489461924861e-05
8.223954623754815060e-05
1.636860816534622216e-04
2.461221520700740753e-04
2.545467384146880363e-04
1.812928216147165813e-04
8.902738259756743777e-05
6.541640229065315369e-05
1.464618616213763172e-04
2.578277415171572164e-04
2.921830229053957919e-04
2.508596867135046149e-04
2.571917138688930736e-04
3.511780852989729133e-04
4.291527819311544015e-04
4.417827846928415675e-04
4.160680745114454229e-04
3.736746323143761523e-04
3.606024390290454460e-04
4.318524755828611087e-04
5.564237229032321843e-04
6.556501619175713908e-04
7.275307735532830561e-04
8.100665387377797757e-04
8.805904383984723607e-04
8.791024534627652626e-04
8.026025648580726668e-04
6.757577535118004016e-04
5.012340003513623098e-04
3.156982863041664627e-04
2.181505922976206347e-04
2.209238992591322590e-04
2.660191881161140916e-04
3.694354397959788124e-04
5.128396352261306622e-04
6.045647553339770401e-04
6.396117810469358934e-04
6.856456932924114619e-04
7.240014729978109988e-04
6.950121010905482106e-04
6.060105584980333363e-04
5.253298261476686652e-04
4.723028849668738896e-04
3.689317158830486641e-04
2.082142998236101352e-04
9.048461771596230750e-05
8.240865048751971206e-05
1.606543790656855082e-04
2.608877843778786322e-04
3.067758473514977952e-04
2.973175489139582997e-04
2.931808699926687078e-04
2.996977915150390859e-04
2.705362944084813582e-04
2.080283596004977838e-04
1.805089680182045625e-04
2.463091005893076110e-04
3.617647382411160123e-04
4.395398619010400893e-04
4.409704524964916123e-04
3.713874909548833423e-04
2.624589582036158724e-04
1.788508351701002157e-04
1.552311027817491812e-04
1.812647419659736778e-04
2.509517336501795783e-04
3.436270587617795084e-04
4.016226982281794009e-04
4.096056329767884486e-04
3.962428439350237442e-04
3.828663120302832745e-04
3.871450181899884499e-04
3.764099433415382060e-04
3.029960684123487406e-04
2.185683743298240129e-04
1.694618420213803373e-04
1.130094524144233765e-04
5.154418643636086289e-05
3.606502501460892920e-05
9.557394907656804189e-05
2.207359395496537964e-04
3.092189773612726358e-04
2.620220434388382397e-04
1.564791187097521559e-04
1.112561841014322395e-04
8.668622054128596096e-05
2.977120895682021373e-05
1.650913027514662804e-05
8.223396542397288546e-05
1.182786953307082486e-04
8.764430092246533466e-05
8.932976312695016605e-05
1.670020628714769841e-04
2.543271810834552438e-04
2.959730986902836406e-04
2.886057966193836775e-04
2.458922557981560366e-04
2.194984571540167274e-04
2.580913816143734626e-04
2.913380101066363748e-04
2.302373235582137485e-04
1.374573028965132187e-04
7.632992904894918881e-05
0.000000000000000000e+00
0.000000000000000000e+00
0.000000000000000000e+00
1.002152034821094870e-05
1.231600944824599213e-04
1.486192009952942011e-04
9.739882081412994021e-05
4.516393486637200645e-05
3.558252407943754761e-05
8.065456938073146433e-05
1.600460516976586920e-04
1.854239519576371658e-04
1.351212510880760945e-04
8.113893001637708258e-05
4.480896966995372935e-05
1.079935097621340014e-05
0.000000000000000000e+00
0.000000000000000000e+00
3.202035408520669327e-05
1.046219112763072893e-04
1.025437147571390791e-04
4.278474545511314064e-05
4.601198429763871979e-05
1.332254122121267906e-04
2.224250101259806194e-04
2.846107589666206986e-04
3.187826396614458664e-04
2.989406331378740862e-04
2.544177203233111443e-04
2.195478821451628563e-04
1.636640995308454765e-04
8.410035340776305345e-05
2.052162470332662744e-05
0.000000000000000000e+00
3.656143260032085861e-06
5.336935237609688552e-05
4.173450262024119405e-05
0.000000000000000000e+00
0.000000000000000000e+00
0.000000000000000000e+00
0.000000000000000000e+00
0.000000000000000000e+00
3.429809971462239888e-05
9.856430382432831289e-05
9.348329648158982055e-05
5.388058613822938915e-06
0.000000000000000000e+00
0.000000000000000000e+00
0.000000000000000000e+00
7.553142044064735036e-05
6.503074385887271103e-05
0.000000000000000000e+00
0.000000000000000000e+00
0.000000000000000000e+00
2.555439720013400959e-05
3.531580508958946044e-05
3.206277265551857845e-05
5.479528082532898053e-05
4.117931052643152012e-05
0.000000000000000000e+00
0.000000000000000000e+00
0.000000000000000000e+00
4.990626319197337575e-05
1.785516144606863172e-04
2.018493728251489388e-04
1.447985192127729465e-04
8.306703455096672503e-05
3.865389976713626968e-05
0.000000000000000000e+00
0.000000000000000000e+00
0.000000000000000000e+00
0.000000000000000000e+00
0.000000000000000000e+00
0.000000000000000000e+00
0.000000000000000000e+00
5.152128392861251086e-06
1.660628424426414951e-05
8.379599247744181668e-06
9.280405433070360640e-05
7.125466304205550511e-04
