Wavenumber (cm^-1)	Intensity profile for Laser = Laser wrapper [Q0259] - LaserTune LT-OEM [Q0259]: PiF (V)	Valid:Intensity profile for Laser = Laser wrapper [Q0259] - LaserTune LT-OEM [Q0259]: PiF
770	3.96936968975788e-5	1
770.995412844037	2.04325721455179e-5	1
771.990825688073	3.21048860196561e-5	1
772.98623853211	3.83385520979497e-5	1
773.981651376147	3.40562945311219e-5	0
774.977064220183	4.33284963934727e-5	1
775.97247706422	3.88113470613759e-5	1
776.967889908257	4.77553027389276e-5	1
777.963302752293	4.7213244819076e-5	1
778.95871559633	6.16410197857932e-5	1
779.954128440367	7.73305851326095e-5	0
780.949541284403	6.9142499109962e-5	1
781.94495412844	6.19421630745996e-5	1
782.940366972476	7.96825142181879e-5	1
783.935779816513	7.16811370346004e-5	1
784.93119266055	6.78957658943033e-5	1
785.926605504586	7.25664983036914e-5	1
786.922018348623	7.52858222016136e-5	1
787.91743119266	7.7261322176184e-5	1
788.912844036696	9.02436093566303e-5	1
789.908256880733	8.81054920061044e-5	0
790.90366972477	8.81054920061044e-5	1
791.899082568806	8.17905172398331e-5	1
792.894495412843	8.16670484914224e-5	1
793.88990825688	9.59201603506319e-5	1
794.885321100916	1.07152805023113e-4	1
795.880733944953	9.9422456799451e-5	1
796.87614678899	1.04837013132191e-4	1
797.871559633026	8.73074622907673e-5	1
798.866972477063	1.06213237962037e-4	1
799.8623853211	9.14240910487515e-5	1
800.857798165136	1.05388105350707e-4	0
801.853211009173	1.01943026126761e-4	1
802.848623853209	9.47366672256225e-5	1
803.844036697246	1.10868913206984e-4	1
804.839449541283	1.1456394136064e-4	1
805.83486238532	1.00392138189408e-4	1
806.830275229356	1.24215583766886e-4	1
807.825688073393	1.11245342317992e-4	1
808.821100917429	1.23854211820319e-4	1
809.816513761466	1.26320575355644e-4	1
810.811926605503	1.26438021238278e-4	1
811.807339449539	1.41486151379937e-4	1
812.802752293576	1.50107883738465e-4	0
813.798165137613	1.33168573743102e-4	1
814.793577981649	1.42031220732676e-4	1
815.788990825686	1.52908516324365e-4	1
816.784403669723	1.58717570365442e-4	1
817.779816513759	1.74940159333446e-4	1
818.775229357796	1.76400704284157e-4	1
819.770642201832	1.69694243242437e-4	1
820.766055045869	1.71178879656253e-4	1
821.761467889906	1.9567387476777e-4	1
822.756880733943	1.8644684439874e-4	1
823.752293577979	1.80857624958492e-4	1
824.747706422016	2.00160909770986e-4	0
825.743119266052	1.93424334400386e-4	1
826.738532110089	2.08872985116157e-4	1
827.733944954126	2.05774220674338e-4	1
828.729357798162	2.23074902616269e-4	1
829.724770642199	2.1208919544061e-4	1
830.720183486236	2.29356751620772e-4	0
831.715596330272	2.32572961945225e-4	1
832.711009174309	2.2732102298844e-4	1
833.706422018346	2.42077044139957e-4	1
834.701834862382	2.38884925278608e-4	1
835.697247706419	2.36463733236604e-4	1
836.692660550456	2.47603023489555e-4	0
837.688073394492	2.39080668416332e-4	1
838.683486238529	2.58037638446699e-4	1
839.678899082566	2.5042774753856e-4	0
840.674311926602	2.5042774753856e-4	1
841.669724770639	2.68427081910521e-4	1
842.665137614675	2.66367261815085e-4	1
843.660550458712	2.77907072642149e-4	1
844.655963302749	2.83887778357845e-4	1
845.651376146786	2.75299171761085e-4	0
846.646788990822	2.77602917920454e-4	1
847.642201834859	2.95987715702088e-4	1
848.637614678895	2.95352303362706e-4	1
849.633027522932	2.91283857530931e-4	0
850.628440366969	3.02841736955323e-4	1
851.623853211005	2.99483989285131e-4	1
852.619266055042	3.0132096334685e-4	1
853.614678899079	3.26421256468868e-4	1
854.610091743115	3.36551716704317e-4	1
855.605504587152	3.26207444733816e-4	1
856.600917431189	3.46790588523737e-4	1
857.596330275225	3.44565139619457e-4	0
858.591743119262	3.39466783739964e-4	1
859.587155963299	3.33561363846469e-4	1
860.582568807335	3.5103369746302e-4	1
861.577981651372	3.37882770040842e-4	1
862.573394495409	3.41490466640743e-4	1
863.568807339445	3.33967907286358e-4	0
864.564220183482	3.28146807513729e-4	1
865.559633027518	3.17823615573444e-4	1
866.555045871555	3.31751492680743e-4	0
867.550458715592	3.11023800112194e-4	1
868.545871559628	2.97222403186195e-4	1
869.541284403665	2.94650639499787e-4	1
870.536697247702	3.04606436627729e-4	1
871.532110091738	3.20103270269709e-4	1
872.527522935775	3.35202594770465e-4	1
873.522935779812	3.43167834759395e-4	1
874.518348623848	3.63338412243652e-4	1
875.513761467885	3.75884041655329e-4	1
876.509174311922	3.86077741981427e-4	1
877.504587155958	4.07760058775492e-4	1
878.499999999995	3.99942378998076e-4	1
879.495412844032	4.22922623366897e-4	1
880.490825688068	4.27780064615345e-4	1
881.486238532105	4.33004900676137e-4	1
882.481651376142	4.31496172799216e-4	1
883.477064220178	4.57882347764438e-4	1
884.472477064215	4.46185942427195e-4	1
885.467889908252	4.45902867735717e-4	1
886.463302752288	4.66913634995744e-4	1
887.458715596325	4.67699618979528e-4	1
888.454128440361	4.44930174912872e-4	1
889.449541284398	4.68036899462992e-4	1
890.444954128435	4.55726161816584e-4	0
891.440366972471	4.61589421649646e-4	1
892.435779816508	4.83515664507643e-4	1
893.431192660545	4.90601566093259e-4	1
894.426605504581	4.92227739852814e-4	1
895.422018348618	4.8607237102961e-4	0
896.417431192655	4.8607237102961e-4	1
897.412844036691	4.94841663599654e-4	1
898.408256880728	4.99416030156624e-4	1
899.403669724765	4.93754536327063e-4	1
900.399082568801	4.8118782688517e-4	0
901.394495412838	4.8118782688517e-4	1
902.389908256875	5.11850236551443e-4	1
903.385321100911	5.07814916481436e-4	0
904.380733944948	4.98033782461003e-4	1
905.376146788985	4.89303638518503e-4	1
906.371559633021	5.22688383515587e-4	1
907.366972477058	5.14569560449365e-4	1
908.362385321094	5.04258414240632e-4	1
909.357798165131	5.17565936172989e-4	0
910.353211009168	5.12425420233063e-4	1
911.348623853204	5.07444510236204e-4	1
912.344036697241	5.12687414894325e-4	0
913.339449541278	5.00927769466433e-4	1
914.334862385314	5.16156585581375e-4	1
915.330275229351	5.13681187747386e-4	0
916.325688073388	5.12371214441078e-4	1
917.321100917424	5.07275869994473e-4	1
918.316513761461	5.0732706435357e-4	0
919.311926605498	5.0704700109498e-4	1
920.307339449534	5.15494070346001e-4	1
921.302752293571	5.10895612325926e-4	0
922.298165137608	5.13057821139557e-4	1
923.293577981644	4.88062928168621e-4	1
924.288990825681	4.88713397672443e-4	1
925.284403669718	5.12660311998332e-4	1
926.279816513754	5.28054756922118e-4	1
927.275229357791	5.3885074382583e-4	0
928.270642201827	5.2870522642594e-4	1
929.266055045864	5.14163017009476e-4	1
930.261467889901	5.30521120457443e-4	1
931.256880733937	5.2813004274432e-4	0
932.252293577974	5.21504890390578e-4	1
933.247706422011	5.27145304189923e-4	0
934.243119266047	5.27145304189923e-4	1
935.238532110084	5.12813895075623e-4	1
936.233944954121	5.28337831613596e-4	0
937.229357798157	5.28337831613596e-4	1
938.224770642194	5.14882749469724e-4	1
939.220183486231	5.32782706556379e-4	0
940.215596330267	5.20206962815822e-4	1
941.211009174304	5.17255758585519e-4	1
942.20642201834	5.33041689784753e-4	0
943.201834862377	5.16457728870182e-4	1
944.197247706414	5.34460074675031e-4	1
945.192660550451	5.4409364848395e-4	0
946.188073394487	5.4286498386562e-4	1
947.183486238524	5.07366212981115e-4	1
948.17889908256	5.35444813229429e-4	1
949.174311926597	5.1143465881289e-4	0
950.169724770634	5.21041129725816e-4	1
951.16513761467	5.36628306354438e-4	0
952.160550458707	5.2293230957952e-4	1
953.155963302744	5.31063178377295e-4	1
954.15137614678	5.32201500008983e-4	1
955.146788990817	5.12964466720027e-4	1
956.142201834854	5.20179859919829e-4	1
957.13761467889	5.22176439924616e-4	1
958.133027522927	5.18924092405506e-4	0
959.128440366964	5.29051541208067e-4	1
960.123853211	5.10260199986545e-4	0
961.119266055037	5.00530260325208e-4	1
962.114678899074	5.14440068835178e-4	1
963.11009174311	5.1193154523942e-4	0
964.105504587147	5.1193154523942e-4	1
965.100917431183	5.16448694571517e-4	1
966.09633027522	5.21878308068698e-4	0
967.091743119257	5.08733403512296e-4	1
968.087155963293	5.08504534612803e-4	1
969.08256880733	5.15165824161202e-4	1
970.077981651367	5.00662763372283e-4	1
971.073394495403	5.13413170220348e-4	1
972.06880733944	5.12621163370787e-4	0
973.064220183477	4.99289549975326e-4	1
974.059633027513	5.04978146700879e-4	0
975.05504587155	5.00921746600656e-4	1
976.050458715587	4.9520604697911e-4	1
977.045871559623	4.88276739903673e-4	1
978.04128440366	4.896830790624e-4	0
979.036697247697	4.896830790624e-4	1
980.032110091733	4.75740144790661e-4	1
981.02752293577	4.58638217419342e-4	0
982.022935779807	4.58638217419342e-4	1
983.018348623843	4.61682776069176e-4	1
984.01376146788	4.57045169421556e-4	1
985.009174311917	4.54855857711933e-4	1
986.004587155953	4.50188136735433e-4	1
986.99999999999	4.43294966854653e-4	1
989	3.56839740071208e-4	1
989.997229916898	3.55568915392445e-4	1
990.994459833795	3.35557943851256e-4	1
991.991689750692	3.5839363944145e-4	1
992.98891966759	3.5428604498213e-4	1
993.986149584488	3.5952894964025e-4	1
994.983379501385	3.85779610125509e-4	0
995.980609418282	3.79100251979781e-4	1
996.97783933518	3.65416300936416e-4	1
997.975069252077	3.83653538506535e-4	1
998.972299168975	3.87974944700908e-4	0
999.969529085872	3.7904002332202e-4	1
1000.96675900277	3.93931558953499e-4	1
1001.96398891967	3.84584071268947e-4	1
1002.96121883656	4.02998983379462e-4	1
1003.95844875346	3.92365613851706e-4	1
1004.95567867036	4.04083099219165e-4	1
1005.95290858726	4.12277208107589e-4	1
1006.95013850415	4.06034507730631e-4	1
1007.94736842105	3.94979537598546e-4	1
1008.94459833795	4.05757455904929e-4	1
1009.94182825485	4.07221012288528e-4	1
1010.93905817174	4.15406086878288e-4	1
1011.93628808864	4.07489029815566e-4	1
1012.93351800554	4.15071817827712e-4	0
1013.93074792244	4.06401902542975e-4	1
1014.92797783933	4.08561099923717e-4	1
1015.92520775623	4.27307269651919e-4	0
1016.92243767313	4.2970135879793e-4	1
1017.91966759003	4.19661241549123e-4	1
1018.91689750692	4.18827074639129e-4	1
1019.91412742382	4.24690334472191e-4	0
1020.91135734072	4.22398634044374e-4	1
1021.90858725762	4.38076153659638e-4	1
1022.90581717451	4.54018679369051e-4	0
1023.90304709141	4.4790547060628e-4	1
1024.90027700831	4.59147149577425e-4	1
1025.89750692521	4.60782357635644e-4	0
1026.8947368421	4.62167616764154e-4	1
1027.891966759	4.66937726458848e-4	1
1028.8891966759	4.62775926207543e-4	0
1029.8864265928	4.67991727969671e-4	1
1030.8836565097	4.55196149628284e-4	1
1031.88088642659	4.60996169370697e-4	1
1032.87811634349	4.48799866174035e-4	1
1033.87534626039	4.4675510324304e-4	1
1034.87257617729	4.52247956830869e-4	1
1035.86980609418	4.49558747261828e-4	1
1036.86703601108	4.52991780754221e-4	1
1037.86426592798	4.49188341016596e-4	1
1038.86149584488	4.44059870808222e-4	1
1039.85872576177	4.40970140665067e-4	1
1040.85595567867	4.40771386094455e-4	1
1041.85318559557	4.39738464613849e-4	1
1042.85041551247	4.40855706215321e-4	1
1043.84764542936	4.40964117799291e-4	1
1044.84487534626	4.22805177484262e-4	0
1045.84210526316	4.09973461948219e-4	1
1046.83933518006	4.17297266731992e-4	1
1047.83656509695	4.12376585392895e-4	0
1048.83379501385	4.0841655114509e-4	1
1049.83102493075	4.07573349936432e-4	1
1050.82825484765	3.9946958403465e-4	1
1051.82548476454	4.18291039585053e-4	1
1052.82271468144	3.96659917150086e-4	0
1053.81994459834	3.97906650365745e-4	1
1054.81717451524	3.83780018687834e-4	1
1055.81440443214	3.97876536036864e-4	1
1056.81163434903	3.97545278419177e-4	0
1057.80886426593	3.97545278419177e-4	1
1058.80609418283	3.92838408815132e-4	1
1059.80332409973	3.77151854901204e-4	0
1060.80055401662	3.60058961828549e-4	1
1061.79778393352	3.68975814610108e-4	1
1062.79501385042	3.80395168121649e-4	0
1063.79224376732	3.80395168121649e-4	1
1064.78947368421	3.6281141148824e-4	1
1065.78670360111	3.64573099727758e-4	1
1066.78393351801	3.57697998444307e-4	1
1067.78116343491	3.5700838031294e-4	1
1068.7783933518	3.46155176184355e-4	0
1069.7756232687	3.59534972506026e-4	1
1070.7728531856	3.480614132025e-4	1
1071.7700831025	3.55373172254721e-4	1
1072.76731301939	3.46414159412729e-4	1
1073.76454293629	3.39274052035128e-4	1
1074.76177285319	3.33766141282858e-4	1
1075.75900277009	3.24984802981262e-4	0
1076.75623268698	3.39388486484874e-4	1
1077.75346260388	3.58080450421091e-4	1
1078.75069252078	3.37671969738678e-4	1
1079.74792243768	3.28207036171491e-4	1
1080.74515235457	3.33151808973693e-4	1
1081.74238227147	3.25063100236351e-4	1
1082.73961218837	3.23156863218206e-4	1
1083.73684210527	3.28649716806036e-4	1
1084.73407202217	3.39496898068845e-4	1
1085.73130193906	3.46004604539952e-4	1
1086.72853185596	3.25084180266568e-4	1
1087.72576177286	3.24822185605306e-4	1
1088.72299168976	3.21711375431935e-4	1
1089.72022160665	3.03528343653802e-4	1
1090.71745152355	2.97610878028755e-4	1
1091.71468144045	2.92319790444425e-4	1
1092.71191135735	2.99706835318848e-4	1
1093.70914127424	3.05326169087976e-4	1
1094.70637119114	2.91455509205551e-4	1
1095.70360110804	2.72206430185042e-4	1
1096.70083102494	2.60019161287045e-4	1
1097.69806094183	2.71414423335481e-4	0
1098.69529085873	2.55128594276828e-4	1
1099.69252077563	2.60651562193539e-4	1
1100.68975069253	2.66803919583855e-4	1
1101.68698060942	2.59440966172537e-4	1
1102.68421052632	2.38180249982801e-4	1
1103.68144044322	2.33973278238175e-4	0
1104.67867036012	2.2813109843533e-4	1
1105.67590027701	2.22827965119448e-4	1
1106.67313019391	2.27065051192955e-4	1
1107.67036011081	2.16344350111445e-4	1
1108.66759002771	2.09604763307957e-4	1
1109.6648199446	1.98212512692408e-4	1
1110.6620498615	1.93053928155154e-4	1
1111.6592797784	1.97239819869564e-4	1
1112.6565096953	1.97200671242019e-4	1
1113.6537396122	1.81782134855128e-4	1
1114.65096952909	1.79129062480743e-4	1
1115.64819944599	1.82860227829055e-4	1
1116.64542936289	1.83622120349736e-4	1
1117.64265927979	1.78352112795623e-4	1
1118.63988919668	1.67330268425306e-4	1
1119.63711911358	1.770963452813e-4	1
1120.63434903048	1.51535302927408e-4	1
1121.63157894738	1.55721194641818e-4	1
1122.62880886427	1.58274889730896e-4	0
1123.62603878117	1.47737886055559e-4	1
1124.62326869807	1.41127790866257e-4	0
1125.62049861497	1.41127790866257e-4	1
1126.61772853186	1.57058270844118e-4	1
1127.61495844876	1.21216196610374e-4	1
1128.61218836566	1.30232426677239e-4	1
1129.60941828256	1.24736561656522e-4	1
1130.60664819945	1.16175057955754e-4	0
1131.60387811635	1.16175057955754e-4	1
1132.60110803325	1.27600434333071e-4	1
1133.59833795015	1.13506928416929e-4	0
1134.59556786704	1.11055622046044e-4	1
1135.59279778394	1.14464564075333e-4	1
1136.59002770084	1.18105386437003e-4	0
1137.58725761774	1.08664544332921e-4	1
1138.58448753464	9.5739474377348e-5	1
1139.58171745153	1.07366616758165e-4	1
1140.57894736843	1.04936390417497e-4	1
1141.57617728533	1.07173885053329e-4	1
1142.57340720223	1.11501314113478e-4	1
1143.57063711912	1.01479265461999e-4	1
1144.56786703602	9.59773775755051e-5	1
1145.56509695292	9.57906687364451e-5	1
1146.56232686982	8.18597801962586e-5	1
1147.55955678671	9.35019797415161e-5	1
1148.55678670361	1.03560165587652e-4	0
1149.55401662051	9.59201603506319e-5	1
1150.55124653741	8.52084935677863e-5	1
1151.5484764543	8.81085034389925e-5	1
1152.5457063712	8.39888632481202e-5	1
1153.5429362881	9.39235803458451e-5	1
1154.540166205	1.00768567300416e-4	1
1155.53739612189	9.02375864908541e-5	1
1156.53462603879	8.53500309135254e-5	1
1157.53185595569	9.15475597971622e-5	1
1158.52908587259	8.32540736234324e-5	1
1159.52631578948	9.17071657402296e-5	1
1160.52354570638	1.00160257857027e-4	1
1161.52077562328	1.12139737885748e-4	1
1162.51800554018	1.00262646575221e-4	1
1163.51523545708	1.01268465159835e-4	1
1164.51246537397	9.76065627679481e-5	1
1165.50969529087	1.02981970473143e-4	1
1166.50692520777	1.07276273771523e-4	1
1167.50415512467	9.73656481369029e-5	1
1168.50138504156	1.01717168660156e-4	0
1169.49861495846	1.20713287318067e-4	1
1170.49584487536	9.41825635742187e-5	1
1171.49307479226	1.08860287470645e-4	1
1172.49030470915	1.10889993237201e-4	1
1173.48753462605	1.05668168609297e-4	1
1174.48476454295	9.93893310376823e-5	0
1175.48199445985	1.0171114579438e-4	1
1176.47922437674	1.07848446020256e-4	1
1177.47645429364	1.03144587849099e-4	1
1178.47368421054	9.84557868423823e-5	1
1179.47091412744	1.03159645013539e-4	1
1180.46814404433	1.1923166233714e-4	1
1181.46537396123	1.0348487976545e-4	1
1182.46260387813	1.15127079310708e-4	1
1183.45983379503	1.22718901621518e-4	0
1184.45706371192	1.11133919301134e-4	1
1185.45429362882	1.06996210512933e-4	1
1186.45152354572	1.11215227989112e-4	1
1187.44875346262	1.00413218219624e-4	1
1188.44598337952	1.12552304191412e-4	1
1189.44321329641	1.10793627384783e-4	1
1190.44044321331	9.70554705494322e-5	1
1191.43767313021	1.18198740856533e-4	1
1192.43490304711	1.07441902580367e-4	1
1193.432132964	1.09992586236558e-4	0
1194.4293628809	1.0953785987046e-4	1
1195.4265927978	1.25170207992403e-4	0
1196.4238227147	1.1635273249615e-4	1
1197.42105263159	9.64290925087148e-5	1
1198.41828254849	1.11356765334851e-4	1
1199.41551246539	1.04984573343706e-4	1
1200.41274238229	1.05234522273416e-4	1
1201.40997229918	1.11173067928679e-4	1
1202.40720221608	1.05824763119476e-4	1
1203.40443213298	1.16512338439217e-4	1
1204.40166204988	1.12621567147838e-4	0
1205.39889196677	1.08282092356137e-4	1
1206.39612188367	1.08342321013898e-4	1
1207.39335180057	1.08128509278846e-4	1
1208.39058171747	1.19815880317424e-4	1
1209.38781163436	1.14521781300207e-4	1
1210.38504155126	1.13464768356496e-4	1
1211.38227146816	1.08583235644943e-4	1
1212.37950138506	1.013527852807e-4	1
1213.37673130195	1.07920720409569e-4	1
1214.37396121885	1.0236462673109e-4	0
1215.37119113575	9.74108196302239e-5	1
1216.36842105265	1.15744423052761e-4	1
1217.36565096955	1.12371618218129e-4	0
1218.36288088644	1.0253627840571e-4	1
1219.36011080334	9.676336155929e-5	1
1220.35734072024	9.92116564972864e-5	1
1221.35457063714	8.32871993852011e-5	1
1222.35180055403	9.89406275373607e-5	1
1223.34903047093	1.11501314113478e-4	0
1224.34626038783	9.81064606273668e-5	1
1225.34349030473	8.79067374354922e-5	1
1226.34072022162	8.50910476851518e-5	0
1227.33795013852	8.50910476851518e-5	1
1228.33518005542	7.00850776039262e-5	1
1229.33240997232	7.60537375880701e-5	1
1230.32963988921	7.45329639795975e-5	1
1231.32686980611	8.11069219742424e-5	0
1232.32409972301	8.11069219742424e-5	1
1233.32132963991	7.03621294296281e-5	1
1234.3185595568	6.56853741544639e-5	1
1235.3157894737	6.16711341146738e-5	1
1236.3130193906	6.65195410644577e-5	1
1237.3102493075	7.04283809531655e-5	1
1238.30747922439	7.27200813809827e-5	0
1239.30470914129	6.40320974989164e-5	1
1240.30193905819	8.0808790118324e-5	1
1241.29916897509	6.40170403344761e-5	1
1242.29639889199	8.81928235598583e-5	1
1243.29362880888	6.91605677072903e-5	0
1244.29085872578	6.91605677072903e-5	1
1245.28808864268	7.34669167372227e-5	1
1246.28531855958	8.79067374354922e-5	1
1247.28254847647	1.03451754003681e-4	1
1248.27977839337	1.22733958785959e-4	1
1249.27700831027	1.18150557930324e-4	0
1250.27423822717	1.17593442846032e-4	1
1251.27146814406	1.33876260471797e-4	0
1252.26869806096	1.51971960696177e-4	1
1253.26592797786	1.62424644250649e-4	1
1254.26315789476	1.53128350925194e-4	0
1255.26038781165	1.54110078046703e-4	1
1256.25761772855	1.59624011664749e-4	1
1257.25484764545	1.76587413123217e-4	1
1258.25207756235	1.96273149912495e-4	0
1259.24930747924	1.86865433570181e-4	1
1260.24653739614	2.11456794534116e-4	0
1261.24376731304	2.08071943967932e-4	1
1262.24099722994	2.08589910424679e-4	1
1263.23822714683	2.41905392465337e-4	1
1264.23545706373	2.39381811705139e-4	0
1265.23268698063	2.29971083929937e-4	1
1266.22991689753	2.60507013414912e-4	1
1267.22714681443	2.618471010501e-4	1
1268.22437673132	2.58510433410125e-4	1
1269.22160664822	2.63482309108319e-4	1
1270.21883656512	2.66840056778511e-4	1
1271.21606648202	2.53592763503915e-4	1
1272.21329639891	2.78295547484709e-4	1
1273.21052631581	2.7557020072101e-4	1
1274.20775623271	2.83734195280553e-4	1
1275.20498614961	2.84228070274196e-4	0
1276.2022160665	2.94186878835025e-4	1
1277.1994459834	2.9316901451886e-4	1
1278.1966759003	2.78656919431277e-4	1
1279.1939058172	2.87883949800306e-4	1
1280.19113573409	3.06645176692948e-4	1
1281.18836565099	2.84694842371846e-4	1
1282.18559556789	3.04871442721878e-4	1
1283.18282548479	2.87516554987962e-4	1
1284.18005540168	2.75723783798302e-4	1
1285.17728531858	2.78569587877523e-4	1
1286.17451523548	2.7273945380623e-4	1
1287.17174515238	2.69812341039031e-4	1
1288.16897506927	2.89609500845167e-4	1
1289.16620498617	3.22629862462795e-4	1
1290.16343490307	3.28201013305714e-4	1
1291.16066481997	3.11930241411502e-4	1
1292.15789473686	3.32522419500087e-4	1
1293.15512465376	3.4320698338694e-4	1
1294.15235457066	3.37924930101275e-4	0
1295.14958448756	3.37936975832827e-4	1
1296.14681440446	3.55728521335512e-4	1
1297.14404432135	3.39466783739964e-4	1
1298.14127423825	3.21801718418577e-4	1
1299.13850415515	3.26782628415436e-4	1
1300.13573407205	3.08704996788385e-4	0
1301.13296398894	3.05190654608013e-4	1
1302.13019390584	3.0437154486246e-4	1
1303.12742382274	2.80219853100182e-4	0
1304.12465373964	2.81647272289125e-4	1
1305.12188365653	2.86266810339416e-4	1
1306.11911357343	2.78834593971672e-4	1
1307.11634349033	2.82373027615148e-4	1
1308.11357340723	2.76024927087108e-4	1
1309.11080332412	2.57185402939376e-4	1
1310.10803324102	2.69598529303978e-4	1
1311.10526315792	2.56287995938733e-4	0
1312.10249307482	2.56287995938733e-4	1
1313.09972299171	2.43061782694354e-4	1
1314.09695290861	2.33494460408973e-4	0
1315.09418282551	2.33494460408973e-4	1
1316.09141274241	2.21960672447685e-4	1
1317.0886426593	2.24315612966152e-4	1
1318.0858725762	2.1089064515116e-4	1
1319.0831024931	2.15139776956219e-4	1
1320.08033241	2.11760949255811e-4	1
1321.07756232689	2.14925965221167e-4	1
1322.07479224379	2.13227517072298e-4	1
1323.07202216069	2.18223484233597e-4	0
1324.06925207759	1.97092259658048e-4	1
1325.06648199449	1.86835319241301e-4	1
1326.06371191138	1.84989310880917e-4	0
1327.06094182828	1.82676530422883e-4	1
1328.05817174518	1.80878704988709e-4	0
1329.05540166208	1.79246508363378e-4	1
1330.05263157897	1.67239925438665e-4	1
1331.04986149587	1.57732831811045e-4	1
1332.04709141277	1.65198173940557e-4	0
1333.04432132967	1.59994417909981e-4	1
1334.04155124656	1.58241763969128e-4	1
1335.03878116346	1.39607017257784e-4	1
1336.03601108036	1.36818430403437e-4	1
1337.03324099726	1.14816901723237e-4	1
1338.03047091415	1.19041942065192e-4	1
1339.02770083105	1.25167196559515e-4	1
1340.02493074795	1.36056537882756e-4	1
1341.02216066485	1.5024038678554e-4	1
1342.01939058174	1.30506467070053e-4	0
1343.01662049864	1.24363143978402e-4	1
1344.01385041554	1.2484798467338e-4	1
1345.01108033244	1.2363437721949e-4	1
1346.00831024933	1.12434858308778e-4	1
1347.00554016623	1.09161430759452e-4	1
1348.00277008313	9.82660665704342e-5	1
1349.00000000003	9.9985594749519e-5	1
1351	4.66230039730153e-5	0
1351.99676375405	3.81819575877704e-5	1
1352.99352750809	5.22453491750318e-5	1
1353.99029126214	7.41685806001417e-5	1
1354.98705501618	6.88413558211555e-5	1
1355.98381877023	5.56844055332015e-5	1
1356.98058252427	6.839867518661e-5	1
1357.97734627832	8.34618624927089e-5	1
1358.97411003236	6.98622315702094e-5	1
1359.97087378641	7.26387726930049e-5	0
1360.96763754045	6.01654176706416e-5	1
1361.9644012945	7.43161408116569e-5	1
1362.96116504854	8.44044409866731e-5	1
1363.95792880259	8.27090042706927e-5	1
1364.95469255663	8.77531543582009e-5	1
1365.95145631068	9.2285360854738e-5	1
1366.94822006473	9.32309507815903e-5	1
1367.94498381877	9.65886984517822e-5	1
1368.94174757282	9.42187007688754e-5	0
1369.93851132686	9.72271222240519e-5	1
1370.93527508091	9.28605445363583e-5	1
1371.93203883495	7.77100256765056e-5	1
1372.928802589	8.18507458975943e-5	0
1373.92556634304	8.18507458975943e-5	1
1374.92233009709	1.11314605274418e-4	1
1375.91909385113	1.08848241739093e-4	1
1376.91585760518	9.84828897383748e-5	1
1377.91262135922	1.00705327209766e-4	1
1378.90938511327	1.05361002454714e-4	1
1379.90614886731	1.04258818017683e-4	1
1380.90291262136	1.18536021339997e-4	1
1381.89967637541	1.20427201193701e-4	1
1382.89644012945	9.8305215197979e-5	1
1383.8932038835	9.52666794139219e-5	1
1384.88996763754	1.03105439221554e-4	1
1385.88673139159	1.05339922424498e-4	1
1386.88349514563	1.18882336122124e-4	1
1387.88025889968	1.01497334059327e-4	1
1388.87702265372	1.15852834636731e-4	1
1389.87378640777	1.34948330579948e-4	1
1390.87055016181	1.08571189913391e-4	1
1391.86731391586	1.0525861373652e-4	1
1392.8640776699	8.56421399036676e-5	0
1393.86084142395	8.56421399036676e-5	1
1394.85760517799	1.2214070650701e-4	1
1395.85436893204	1.16301538137053e-4	1
1396.85113268609	9.03851467023693e-5	1
1397.84789644013	9.11560735217138e-5	1
1398.84466019418	1.34999524939045e-4	1
1399.84142394822	1.12293320963039e-4	1
1400.83818770227	1.2178234599333e-4	1
1401.83495145631	9.84708440068226e-5	0
1402.83171521036	1.1149830268059e-4	1
1403.8284789644	1.0983298029349e-4	1
1404.82524271845	1.18346301068049e-4	0
1405.82200647249	1.29115185075767e-4	1
1406.81877022654	1.24513715622805e-4	1
1407.81553398058	1.23384428289781e-4	1
1408.81229773463	1.18063226376571e-4	1
1409.80906148867	1.14801844558797e-4	1
1410.80582524272	1.1859323856487e-4	1
1411.80258899677	1.37053322168706e-4	1
1412.79935275081	1.41266316779108e-4	1
1413.79611650486	1.31190062335644e-4	1
1414.7928802589	1.16714104442718e-4	1
1415.78964401295	1.00033777675728e-4	1
1416.78640776699	6.45831897174323e-5	0
1417.78317152104	7.34578824385585e-5	1
1418.77993527508	1.43136416602596e-4	1
1419.77669902913	1.33307099655953e-4	0
1420.77346278317	1.32918624813393e-4	1
1421.77022653722	1.23513919903967e-4	0
1422.76699029126	1.28308121061766e-4	1
1423.76375404531	1.40874830503659e-4	1
1424.76051779935	1.45009527858972e-4	1
1425.7572815534	1.49364059815113e-4	1
1426.75404530745	1.52002075025058e-4	1
1427.75080906149	1.31449045564017e-4	1
1428.74757281554	1.25880906153986e-4	1
1429.74433656958	1.77150551073285e-4	1
1430.74110032363	1.55031576510451e-4	1
1431.73786407767	1.61617580236648e-4	1
1432.73462783172	1.6564386600799e-4	1
1433.73139158576	1.32018206379862e-4	1
1434.72815533981	9.83262952281955e-5	1
1435.72491909385	1.45340785476659e-4	1
1436.7216828479	1.75319599877342e-4	1
1437.71844660194	1.83275805567608e-4	1
1438.71521035599	1.93237625561326e-4	1
1439.71197411003	2.07448577360102e-4	1
1440.70873786408	1.98929233719768e-4	0
1441.70550161813	2.09134979777418e-4	1
1442.70226537217	1.98212512692408e-4	1
1443.69902912622	2.08466441676268e-4	1
1444.69579288026	1.76620538884986e-4	0
1445.69255663431	1.69417191416735e-4	1
1446.68932038835	1.86127632512605e-4	1
1447.6860841424	2.18539684686844e-4	0
1448.68284789644	2.1574507496672e-4	1
1449.67961165049	2.32831945173598e-4	1
1450.67637540453	2.18003649632769e-4	0
1451.67313915858	2.17844043689701e-4	1
1452.66990291262	1.96718841979928e-4	1
1453.66666666667	1.83992526594968e-4	1
1454.66343042071	1.32728904541445e-4	1
1455.66019417476	1.65764323323513e-4	1
1456.65695792881	1.98110123974214e-4	0
1457.65372168285	1.98110123974214e-4	1
1458.6504854369	2.52451430439339e-4	1
1459.64724919094	2.66349193217757e-4	1
1460.64401294499	2.74486084881307e-4	1
1461.64077669903	2.31645440615701e-4	0
1462.63754045308	2.21024116819497e-4	1
1463.63430420712	2.70742873801443e-4	1
1464.63106796117	2.80385481909026e-4	0
1465.62783171521	2.80385481909026e-4	1
1466.62459546926	2.97656049522076e-4	1
1467.6213592233	3.07352863421644e-4	1
1468.61812297735	2.60964751213897e-4	1
1469.61488673139	1.89937095116007e-4	0
1470.61165048544	2.0024824132474e-4	1
1471.60841423949	2.5341508896352e-4	0
1472.60517799353	2.80505939224548e-4	1
1473.60194174758	2.55676675062456e-4	1
1474.59870550162	2.32097155548911e-4	1
1475.59546925567	3.27086783137131e-4	1
1476.59223300971	3.23744092631379e-4	1
1477.58899676376	3.24653545363574e-4	1
1478.5857605178	3.25797889861039e-4	1
1479.58252427185	3.14303250527297e-4	1
1480.57928802589	3.35651298270786e-4	1
1481.57605177994	3.39942590136278e-4	1
1482.57281553398	3.47727144151925e-4	1
1483.56957928803	3.36093978905332e-4	1
1484.56634304207	3.20449585051836e-4	1
1485.56310679612	2.87787583947888e-4	1
1486.55987055017	2.83960052747158e-4	1
1487.55663430421	2.43513497627563e-4	1
1488.55339805826	2.65891455418771e-4	0
1489.5501618123	3.08283396184056e-4	1
1490.54692556635	3.62486176736329e-4	1
1491.54368932039	3.4029793921707e-4	1
1492.54045307444	3.11860978455076e-4	1
1493.53721682848	2.63672029380267e-4	0
1494.53398058253	2.69499152018672e-4	1
1495.53074433657	2.99791155439714e-4	0
1496.52750809062	2.74085564307195e-4	1
1497.52427184466	2.84158807317771e-4	1
1498.52103559871	3.32883791446655e-4	1
1499.51779935275	3.25264866239852e-4	1
1500.5145631068	3.29517009477799e-4	1
1501.51132686085	3.02236438944822e-4	1
1502.50809061489	2.39523349050878e-4	0
1503.50485436894	2.03130182598618e-4	1
1504.50161812298	1.59274685449734e-4	1
1505.49838187703	1.3650222995019e-4	1
1506.49514563107	1.54637078802114e-4	1
1507.49190938512	2.05138808334957e-4	1
1508.48867313916	2.27956435327822e-4	1
1509.48543689321	2.50957759726859e-4	1
1510.48220064725	2.47328983096741e-4	1
1511.4789644013	2.77801672491066e-4	1
1512.47572815534	2.58835668162036e-4	0
1513.47249190939	2.58552593470558e-4	1
1514.46925566343	1.9155122314401e-4	1
1515.46601941748	1.60828584819975e-4	0
1516.46278317153	1.99670046210232e-4	1
1517.45954692557	2.41851186673352e-4	1
1518.45631067962	1.79529583054856e-4	0
1519.45307443366	1.46214101014198e-4	1
1520.44983818771	1.44807761855472e-4	1
1521.44660194175	2.12893248021723e-4	0
1522.4433656958	2.17666369149305e-4	1
1523.44012944984	1.86374570009427e-4	1
1524.43689320389	2.02533918886781e-4	1
1525.43365695793	1.9165963472798e-4	0
1526.43042071198	1.9165963472798e-4	1
1527.42718446602	1.80960013676687e-4	1
1528.42394822007	2.20825362248885e-4	1
1529.42071197411	1.97146465450034e-4	1
1530.41747572816	1.79517537323304e-4	1
1531.41423948221	1.30536581398934e-4	0
1532.41100323625	1.4471741886883e-4	1
1533.4077669903	1.81667700405382e-4	0
1534.40453074434	1.9509869108615e-4	1
1535.40129449839	1.4807817797191e-4	1
1536.39805825243	1.0060594992446e-4	1
1537.39482200648	8.44706925102105e-5	0
1538.39158576052	1.08113452114405e-4	1
1539.38834951457	1.21848597516868e-4	0
1540.38511326861	1.25549648536299e-4	1
1541.38187702266	1.53239773942052e-4	1
1542.3786407767	1.79451285799766e-4	1
1543.37540453075	1.7485583921258e-4	1
1544.37216828479	2.29504311832287e-4	1
1545.36893203884	2.40815253759858e-4	1
1546.36569579289	2.48852768138102e-4	1
1547.36245954693	2.29133905587055e-4	1
1548.35922330098	2.1339615731403e-4	1
1549.35598705502	2.41441631800575e-4	1
1550.35275080907	2.39098737013661e-4	1
1551.34951456311	2.40038304074737e-4	1
1552.34627831716	1.91795149207943e-4	1
1553.3430420712	1.8384797781634e-4	1
1554.33980582525	2.14944033818495e-4	1
1555.33656957929	1.7606944666647e-4	1
1556.33333333334	1.10390095377782e-4	1
1557.33009708738	1.04078132044399e-4	0
1558.32686084143	1.01982174754306e-4	1
1559.32362459547	2.01612420423033e-4	1
1560.32038834952	2.61856135348764e-4	1
1561.31715210357	2.84285287499069e-4	1
1562.31391585761	2.74359604700008e-4	1
1563.31067961166	2.75425651942383e-4	1
1564.3074433657	3.11138234561941e-4	0
1565.30420711975	3.19130577446864e-4	1
1566.30097087379	3.09048300137624e-4	1
1567.29773462784	2.12580059001364e-4	1
1568.29449838188	2.66276918828443e-4	1
1569.29126213593	3.4815476762203e-4	1
1570.28802588997	3.4936837507592e-4	0
1571.28478964402	3.4936837507592e-4	1
1572.28155339806	3.41357963593668e-4	1
1573.27831715211	2.4810894421475e-4	0
1574.27508090615	2.19967103875787e-4	1
1575.2718446602	3.06027832950895e-4	1
1576.26860841425	3.68171762028995e-4	1
1577.26537216829	3.95696258625905e-4	1
1578.26213592234	3.96611734223877e-4	0
1579.25889967638	3.92982957593759e-4	1
1580.25566343043	4.05850810324459e-4	1
1581.25242718447	4.03450698312671e-4	1
1582.24919093852	4.10807628858213e-4	0
1583.24595469256	4.11665887231311e-4	1
1584.24271844661	4.01469175472325e-4	1
1585.23948220065	4.06763274489542e-4	0
1586.2362459547	3.915344583746e-4	1
1587.23300970874	4.01216215109728e-4	1
1588.22977346279	4.02559314177804e-4	1
1589.22653721683	4.10437222612981e-4	1
1590.22330097088	4.21263323845573e-4	1
1591.22006472493	4.1418946799151e-4	0
1592.21682847897	4.08085293527403e-4	1
1593.21359223302	4.19471521277175e-4	1
1594.21035598706	4.19104126464831e-4	1
1595.20711974111	4.07362549634267e-4	1
1596.20388349515	4.10464325508974e-4	1
1597.2006472492	4.2623218811088e-4	1
1598.19741100324	4.10870868948862e-4	1
1599.19417475729	4.00719328683197e-4	1
1600.19093851133	3.97668747167587e-4	1
1601.18770226538	3.96515368371459e-4	1
1602.18446601942	4.15186252277459e-4	1
1603.18122977347	4.23347235404114e-4	1
1604.17799352751	4.14785731703346e-4	1
1605.17475728156	4.05504495542331e-4	0
1606.17152103561	4.05504495542331e-4	1
1607.16828478965	3.93178700731483e-4	1
1608.1650485437	3.73366483760907e-4	1
1609.16181229774	3.94822943088366e-4	1
1610.15857605179	4.05293695240167e-4	0
1611.15533980583	4.02050382019721e-4	1
1612.15210355988	4.02303342382319e-4	1
1613.14886731392	3.48106584695821e-4	0
1614.14563106797	3.05482763598156e-4	1
1615.14239482201	2.00865585066793e-4	1
1616.13915857606	3.73664615616825e-4	0
1617.1359223301	3.80883020249516e-4	1
1618.13268608415	3.86309622313808e-4	1
1619.12944983819	3.86686051424816e-4	1
1620.12621359224	3.57041506074709e-4	1
1621.12297734629	3.21551769488868e-4	1
1622.11974110033	2.97249506082187e-4	1
1623.11650485438	3.18983017235349e-4	1
1624.11326860842	3.66114953366447e-4	1
1625.11003236247	3.41092957499519e-4	1
1626.10679611651	2.55237005860799e-4	1
1627.10355987056	3.33723981222425e-4	0
1628.1003236246	3.53283237830404e-4	1
1629.09708737865	3.40984545915549e-4	1
1630.09385113269	3.39367406454658e-4	1
1631.09061488674	3.31402166465727e-4	1
1632.08737864078	3.3285969998355e-4	1
1633.08414239483	2.71116291479563e-4	1
1634.08090614887	1.55392948457019e-4	1
1635.07766990292	1.99654989045791e-4	1
1636.07443365696	2.63455206212327e-4	1
1637.07119741101	2.93831529754234e-4	1
1638.06796116506	3.08190041764526e-4	0
1639.0647249191	3.12604802378428e-4	1
1640.06148867315	2.7247444771208e-4	0
1641.05825242719	2.7247444771208e-4	1
1642.05501618124	2.68806522454418e-4	1
1643.05177993528	2.28661110623629e-4	1
1644.04854368933	1.66179901062066e-4	1
1645.04530744337	1.56356606981199e-4	1
1646.04207119742	1.68866099198219e-4	1
1647.03883495146	2.12013909618408e-4	1
1648.03559870551	2.19322657237741e-4	1
1649.03236245955	1.60066692299295e-4	1
1650.0291262136	1.35854771879256e-4	1
1651.02588996765	7.96764913524117e-5	1
1652.02265372169	9.73897396000074e-5	1
1653.01941747574	1.71242119746902e-4	1
1654.01618122978	1.91786114909279e-4	1
1655.01294498383	1.82634370362451e-4	1
1656.00970873787	1.87997732336093e-4	1
1657.00647249192	1.85721089072717e-4	1
1658.00323624596	1.68917293557316e-4	0
1659.00000000001	1.68917293557316e-4	1
1661	3.21091020256994e-4	1
1662	2.82987359924313e-4	1
1663	4.76071402408348e-4	1
1664	4.90809354962536e-4	1
1665	5.13626981955401e-4	1
1666	4.90493154509289e-4	1
1667	3.19196828970401e-4	0
1668	2.83011451387418e-4	1
1669	3.27493326577019e-4	1
1670	4.4275592036769e-4	1
1671	4.31447989873007e-4	1
1672	6.01485536464684e-4	1
1673	5.22384228793893e-4	0
1674	3.5047357094584e-4	1
1675	5.18379023052767e-4	1
1676	6.33578376752788e-4	1
1677	7.00453266898037e-4	1
1678	6.46322760735077e-4	1
1679	5.314908018474e-4	1
1680	6.54604201177254e-4	1
1681	6.97240068006472e-4	1
1682	3.55014811741041e-4	1
1683	1.99088839662835e-4	1
1684	5.51989625516455e-4	0
1685	5.51989625516455e-4	1
1686	7.51126648105499e-4	1
1687	6.78533046905815e-4	1
1688	7.67394408566824e-4	1
1689	7.24174323757322e-4	1
1690	8.48004444114536e-4	1
1691	8.95298997621589e-4	0
1692	8.72123010115045e-4	1
1693	8.59613517898025e-4	1
1694	6.75142173473855e-4	1
1695	3.47317589279148e-4	1
1696	5.51019944126498e-4	1
1697	7.73471480134938e-4	1
1698	3.02636959518935e-4	0
1699	3.02636959518935e-4	1
1700	1.8503147094135e-4	1
1701	6.81878748844455e-4	1
1702	8.3811790994302e-4	1
1703	6.91196122200127e-4	1
1704	7.1689569046687e-4	0
1705	6.31518556657352e-4	1
1706	7.54607864524102e-4	1
1707	9.34914397264078e-4	0
1708	9.30951351583385e-4	1
1709	8.68873674028823e-4	0
1710	8.68873674028823e-4	1
1711	9.48465845260369e-4	1
1712	7.86050235308384e-4	0
1713	7.86050235308384e-4	1
1714	6.41947148748719e-4	1
1715	6.51150087654644e-4	0
1716	4.268073717925e-4	1
1717	5.08868917992259e-4	1
1718	8.16519913269821e-4	0
1719	9.14316196309717e-4	1
1720	9.2248019086926e-4	1
1721	9.20968451559452e-4	1
1722	9.17149954657386e-4	1
1723	8.89080388707736e-4	1
1724	9.5110988333609e-4	1
1725	9.4815265624001e-4	1
1726	9.30460488022631e-4	1
1727	9.23443849393441e-4	1
1728	8.15107551245319e-4	0
1729	6.24486860863721e-4	1
1730	8.39355608860014e-4	1
1731	6.78521001174263e-4	0
1732	6.78521001174263e-4	1
1733	3.76344790887202e-4	1
1734	3.94741634400389e-4	1
1735	7.93172274088656e-4	1
1736	7.92079123950289e-4	1
1737	7.80870570740913e-4	1
1738	6.52029426057959e-4	1
1739	5.16093345490726e-4	1
1740	7.96837187913431e-4	1
1741	7.99658900529547e-4	1
1742	7.09951326226993e-4	1
1743	6.40522740992665e-4	1
1744	8.17802783680136e-4	1
1745	7.96048192496758e-4	1
1746	7.87200602671624e-4	1
1747	7.15383951157061e-4	1
1748	6.89383239601512e-4	1
1749	7.97156399799566e-4	1
1750	6.55236602083748e-4	1
1751	7.98258584236598e-4	1
1752	9.67317415139653e-4	1
1753	0.00100093102903623	0
1754	0.00100093102903623	1
1755	9.58144590562608e-4	1
1756	9.1904113451109e-4	1
1757	9.59556952587111e-4	1
1758	9.85139074971219e-4	1
1759	9.6318271778434e-4	1
1760	7.45480211440378e-4	0
1761	6.34861247163103e-4	1
1762	8.19805386550699e-4	1
1763	9.38308282128927e-4	1
1764	9.42370705094926e-4	0
1765	9.26702219778326e-4	1
1766	8.30321310195821e-4	0
1767	5.59584459260154e-4	1
1768	8.08021649659703e-4	1
1769	7.99402928734062e-4	1
1770	5.74472983458745e-4	1
1771	5.07305984323353e-4	1
1772	5.40991872609243e-4	1
1773	7.75091631028717e-4	1
1774	7.0583168603612e-4	1
1775	6.82628595633583e-4	1
1776	7.7427854414894e-4	1
1777	7.16805347480228e-4	1
1778	6.76620787021894e-4	0
1779	6.3348201090037e-4	1
1780	6.00347214832996e-4	1
1781	6.75464396792878e-4	1
1782	6.79999614722303e-4	0
1783	6.79999614722303e-4	1
1784	6.02259474716917e-4	1
1785	5.92640958072438e-4	1
1786	6.37761257034309e-4	1
1787	6.11381104934864e-4	0
1788	6.11381104934864e-4	1
1789	5.27223601445012e-4	1
1790	4.52332276951735e-4	0
1791	4.52332276951735e-4	1
1792	3.81018534729479e-4	0
1793	4.62956612180827e-4	1
1794	5.2654301761231e-4	1
1795	4.84500403062041e-4	1
1796	4.66019239427988e-4	1
1797	5.10121674073694e-4	1
1798	4.11430995466042e-4	1
1799	3.89206620752126e-4	1
1800	4.52735808958736e-4	1
1801	4.1281926602744e-4	1
1802	3.97783181617334e-4	1
1803	4.33161495186316e-4	1
1804	4.31682881638276e-4	1
1805	4.45710136030881e-4	1
1806	4.15854790378609e-4	1
1807	3.8781533875784e-4	1
1808	4.06678954368677e-4	1
1809	3.04248076114049e-4	0
1810	3.29926564350575e-4	1
1811	3.46883942943267e-4	0
1812	3.51464332366013e-4	1
1813	3.59884298721042e-4	1
1814	3.5476787424422e-4	1
1815	3.61390015165074e-4	1
1816	3.49389455106137e-4	1
1817	3.06663245290277e-4	1
1818	3.20847094193061e-4	1
1819	2.98631753777809e-4	1
1820	3.03007365764166e-4	1
1821	2.78461176293552e-4	1
1822	2.69725009485277e-4	1
1823	2.22231701407611e-4	1
1824	1.80622733193223e-4	0
1825	1.80622733193223e-4	1
1826	2.3413589561413e-4	1
1827	2.42459496116741e-4	1
1828	1.873653314296e-4	1
1829	1.69468385775832e-4	0
1830	2.19792440768279e-4	1
1831	2.08204447015007e-4	0
1832	1.96258092748055e-4	1
1833	1.95342617150083e-4	1
1834	1.89220374088648e-4	0
1835	1.89220374088648e-4	1
1836	1.63818937677823e-4	1
1837	1.63523817254793e-4	1
1838	1.53131362358082e-4	1
1839	1.64388098493667e-4	1
1840	1.4398564067703e-4	1
1841	1.44943276335435e-4	1
1842	1.2643500980539e-4	0
1843	9.29689561203286e-5	1
1844	8.95268883292709e-5	1
1845	1.10082929223199e-4	1
1846	1.28076240729385e-4	1
1847	1.06957061885388e-4	1
1848	1.04770761608654e-4	1
1849	1.21255345237919e-4	0
1850	1.06704101522791e-4	1
1851	1.19927303334282e-4	1
1852	1.08628407138264e-4	1
1853	1.02096609204052e-4	0
1854	1.04379275333205e-4	1
1855	1.14560929927751e-4	1
1856	1.04048017715518e-4	1
1857	9.9515811218981e-5	0
1858	8.71358106161476e-5	1
1859	9.6206246474998e-5	0
1860	9.48601359740332e-5	1
1861	1.04909287521505e-4	1
1862	8.55698655143541e-5	1
1863	1.00614984223125e-4	1
1864	8.07937329538837e-5	1
1865	9.5597937031609e-5	1
1866	7.65114753870559e-5	0
1867	6.56733284229116e-5	1
1868	6.26558726690709e-5	0
1869	6.26558726690709e-5	1
1870	8.92739279666735e-5	1
1871	8.89155674529938e-5	1
1872	8.89065331543296e-5	1
1873	7.94175081240382e-5	1
1874	6.65345982288981e-5	0
1875	8.33895881033953e-5	1
1876	7.61079433800552e-5	1
1877	5.65276067418596e-5	1
1878	5.74762081015999e-5	1
1879	5.81567919343025e-5	1
1880	6.09694702517548e-5	1
1881	5.97799542609693e-5	1
1882	5.92258506095654e-5	1
1883	4.54666137439985e-5	1
1884	5.93372736264238e-5	1
1885	3.96846625989146e-5	0
1886	3.96846625989146e-5	1
1887	3.004506592422e-5	1
1888	3.20386344961187e-5	1
1889	2.31187702816715e-5	1
1890	2.87923098427851e-5	1
