Wavenumber (cm^-1)	Intensity profile for Laser = Laser wrapper [Q0259] - LaserTune LT-OEM [Q0259]: PiF (V)	Valid:Intensity profile for Laser = Laser wrapper [Q0259] - LaserTune LT-OEM [Q0259]: PiF
770	1.19824914616088e-5	1
770.995412844037	2.94698822425996e-5	1
771.990825688073	2.89218014569719e-5	1
772.98623853211	2.69101642877448e-5	1
773.981651376147	2.91627160880171e-5	1
774.977064220183	4.23889293323965e-5	1
775.97247706422	4.28135413696136e-5	1
776.967889908257	5.56000854123357e-5	1
777.963302752293	5.63649893659041e-5	0
778.95871559633	6.38604458242968e-5	1
779.954128440367	6.56883855873519e-5	0
780.949541284403	6.27251356254964e-5	1
781.94495412844	7.75112711058933e-5	1
782.940366972476	6.96905798955897e-5	0
783.935779816513	7.75684883307665e-5	1
784.93119266055	7.2129840534922e-5	1
785.926605504586	7.41956834961343e-5	1
786.922018348623	6.85070867705804e-5	1
787.91743119266	9.07706101120415e-5	1
788.912844036696	8.75032054284915e-5	0
789.908256880733	8.75032054284915e-5	1
790.90366972477	9.05628212427651e-5	1
791.899082568806	9.78173630701126e-5	0
792.894495412843	1.03328285255271e-4	1
793.88990825688	1.06466198324634e-4	1
794.885321100916	1.0077760159908e-4	1
795.880733944953	1.09670362917535e-4	1
796.87614678899	1.16900813281778e-4	1
797.871559633026	1.05210430810311e-4	0
798.866972477063	1.05210430810311e-4	1
799.8623853211	1.15783571680306e-4	1
800.857798165136	1.31150913708099e-4	0
801.853211009173	1.29223596659738e-4	1
802.848623853209	1.19758663092551e-4	1
803.844036697246	1.35939092000122e-4	0
804.839449541283	1.35421125543375e-4	1
805.83486238532	1.3472849597912e-4	1
806.830275229356	1.39092062233925e-4	1
807.825688073393	1.41943889178922e-4	1
808.821100917429	1.37872431914259e-4	1
809.816513761466	1.39311896834754e-4	1
810.811926605503	1.46644735917191e-4	1
811.807339449539	1.34406272660097e-4	1
812.802752293576	1.66989976508955e-4	0
813.798165137613	1.61400757068707e-4	1
814.793577981649	1.70450112897341e-4	1
815.788990825686	1.64234515416376e-4	0
816.784403669723	1.63358188445949e-4	1
817.779816513759	1.6340335993927e-4	1
818.775229357796	1.79050765225654e-4	1
819.770642201832	1.67450725740829e-4	1
820.766055045869	1.91858389298592e-4	1
821.761467889906	1.72058218059568e-4	0
822.756880733943	1.72287086959061e-4	1
823.752293577979	1.8482970493785e-4	1
824.747706422016	1.91518097382241e-4	1
825.743119266052	1.98640136162514e-4	1
826.738532110089	1.91966800882563e-4	1
827.733944954126	2.01970780936713e-4	1
828.729357798162	2.13646106243739e-4	1
829.724770642199	2.2010261835575e-4	1
830.720183486236	2.12932396649268e-4	1
831.715596330272	2.20725984963579e-4	1
832.711009174309	2.42468530415405e-4	1
833.706422018346	2.26968685340537e-4	0
834.701834862382	2.26968685340537e-4	1
835.697247706419	2.43115988486339e-4	1
836.692660550456	2.57778655218325e-4	0
837.688073394492	2.51755789442196e-4	1
838.683486238529	2.57004716966092e-4	1
839.678899082566	2.6128697453292e-4	1
840.674311926602	2.58293610242184e-4	1
841.669724770639	2.72046824241975e-4	1
842.665137614675	2.87522577853739e-4	1
843.660550458712	2.77943209836805e-4	1
844.655963302749	2.85724752419564e-4	1
845.651376146786	2.81969495608148e-4	0
846.646788990822	3.027212796398e-4	1
847.642201834859	3.07175188881248e-4	1
848.637614678895	2.92907019857598e-4	1
849.633027522932	3.06012775786455e-4	1
850.628440366969	3.01396249169052e-4	1
851.623853211005	3.07976230029473e-4	1
852.619266055042	3.14131598852677e-4	1
853.614678899079	3.1866982821499e-4	1
854.610091743115	3.30808914186778e-4	0
855.605504587152	3.21000677270352e-4	1
856.600917431189	3.13294420509795e-4	1
857.596330275225	3.1854635946658e-4	1
858.591743119262	3.23988018695312e-4	1
859.587155963299	3.25035997340359e-4	1
860.582568807335	3.17088825948756e-4	1
861.577981651372	3.14821216984044e-4	1
862.573394495409	2.99664675258415e-4	1
863.568807339445	2.86516759269125e-4	0
864.564220183482	2.84282276066181e-4	1
865.559633027518	2.86592045091327e-4	1
866.555045871555	2.95394463423139e-4	0
867.550458715592	2.73838626810373e-4	1
868.545871559628	2.99965818547221e-4	1
869.541284403665	2.97062797243127e-4	1
870.536697247702	3.11291817639232e-4	1
871.532110091738	3.23199023278639e-4	1
872.527522935775	3.4860648255524e-4	1
873.522935779812	3.60107144754758e-4	1
874.518348623848	3.69397415214437e-4	1
875.513761467885	3.81930998894562e-4	1
876.509174311922	4.07362549634267e-4	1
877.504587155958	4.22476931299463e-4	1
878.499999999995	4.21727084510335e-4	1
879.495412844032	4.34390159804647e-4	0
880.490825688068	4.42141588058525e-4	1
881.486238532105	4.32402614098524e-4	1
882.481651376142	4.41280318252538e-4	1
883.477064220178	4.49043792237969e-4	1
884.472477064215	4.40220293875939e-4	1
885.467889908252	4.48540882945662e-4	1
886.463302752288	4.6721477828455e-4	1
887.458715596325	4.56942780703362e-4	1
888.454128440361	4.53624181660715e-4	1
889.449541284398	4.49781593295544e-4	0
890.444954128435	4.49781593295544e-4	1
891.440366972471	4.56641637414555e-4	1
892.435779816508	4.75667870401347e-4	1
893.431192660545	4.73099118147828e-4	1
894.426605504581	4.70801394854235e-4	1
895.422018348618	4.76234019784303e-4	1
896.417431192655	4.68795780550784e-4	1
897.412844036691	4.73084060983388e-4	1
898.408256880728	4.69994330840234e-4	1
899.403669724765	4.86162714016252e-4	1
900.399082568801	4.98145205477861e-4	0
901.394495412838	4.82979629453568e-4	1
902.389908256875	4.90050473874743e-4	1
903.385321100911	4.85596564633296e-4	1
904.380733944948	4.78335999940172e-4	1
905.376146788985	4.7944420724298e-4	1
906.371559633021	5.01186752694806e-4	1
907.366972477058	4.97232741312777e-4	1
908.362385321094	5.11139538389859e-4	0
909.357798165131	5.12789803612519e-4	1
910.353211009168	5.10311394345642e-4	1
911.348623853204	4.96868357933322e-4	1
912.344036697241	4.95181955516005e-4	1
913.339449541278	4.9379067352172e-4	1
914.334862385314	4.87282967050612e-4	0
915.330275229351	5.01930576618158e-4	1
916.325688073388	4.89547564582437e-4	1
917.321100917424	5.06908475182129e-4	1
918.316513761461	4.9092680084517e-4	1
919.311926605498	4.9725984420877e-4	1
920.307339449534	5.08233505652877e-4	1
921.302752293571	4.8560559893196e-4	1
922.298165137608	4.79420115779876e-4	1
923.293577981644	4.75279395558787e-4	0
924.288990825681	4.6590781641113e-4	1
925.284403669718	4.51489075743077e-4	1
926.279816513754	4.28602185793786e-4	0
927.275229357791	4.22985863457546e-4	1
928.270642201827	4.29111117951869e-4	1
929.266055045864	4.34495559955729e-4	1
930.261467889901	4.35356829761715e-4	1
931.256880733937	4.33814976123026e-4	1
932.252293577974	4.22573297151881e-4	1
933.247706422011	4.33447581310682e-4	1
934.243119266047	4.21302472473118e-4	1
935.238532110084	4.28987649203459e-4	0
936.233944954121	4.20682117298177e-4	1
937.229357798157	4.32556197175815e-4	1
938.224770642194	4.39672213090312e-4	1
939.220183486231	4.31231166705067e-4	1
940.215596330267	4.31261281033947e-4	1
941.211009174304	4.39226521022878e-4	1
942.20642201834	4.37004083551487e-4	1
943.201834862377	4.54352948419626e-4	1
944.197247706414	4.65919862142682e-4	1
945.192660550451	4.62309154109893e-4	1
946.188073394487	4.69602844564785e-4	1
947.183486238524	4.60448088585069e-4	0
948.17889908256	4.57379438472131e-4	1
949.174311926597	4.56533225830585e-4	1
950.169724770634	4.5686749488116e-4	1
951.16513761467	4.56141739555137e-4	1
952.160550458707	4.44743466073812e-4	1
953.155963302744	4.6579940482716e-4	0
954.15137614678	4.64278631218687e-4	1
955.146788990817	4.71918636455707e-4	1
956.142201834854	4.45390924144746e-4	0
957.13761467889	4.46417822759576e-4	1
958.133027522927	4.28825031827503e-4	1
959.128440366964	4.31914761970658e-4	1
960.123853211	4.32559208608703e-4	1
961.119266055037	4.53566964435842e-4	1
962.114678899074	4.32131585138598e-4	0
963.11009174311	4.24901134774355e-4	1
964.105504587147	4.28532922837361e-4	1
965.100917431183	4.31312475393045e-4	0
966.09633027522	4.42120508028308e-4	1
967.091743119257	4.33224735276966e-4	1
968.087155963293	4.09883118961577e-4	1
969.08256880733	4.16863620396111e-4	1
970.077981651367	4.26352645426402e-4	1
971.073394495403	4.19161343689704e-4	0
972.06880733944	4.19161343689704e-4	1
973.064220183477	4.12325391033798e-4	1
974.059633027513	4.13427575470829e-4	1
975.05504587155	3.94184519316097e-4	1
976.050458715587	4.13810027447613e-4	1
977.045871559623	4.00680180055652e-4	1
978.04128440366	4.03155577889641e-4	1
979.036697247697	3.79515829718334e-4	1
980.032110091733	3.68792117203937e-4	1
981.02752293577	3.71791504360449e-4	0
982.022935779807	3.71526498266299e-4	1
983.018348623843	3.63991893180362e-4	0
984.01376146788	3.54849182932198e-4	1
985.009174311917	3.50994548835475e-4	1
986.004587155953	3.42417987970267e-4	0
986.99999999999	3.42417987970267e-4	0
989	3.1277344262016e-4	1
989.997229916898	3.05154517413357e-4	0
990.994459833795	3.15239806155485e-4	1
991.991689750692	3.12577699482436e-4	1
992.98891966759	3.35786812750749e-4	0
993.986149584488	3.22277524814892e-4	1
994.983379501385	3.17938050023191e-4	1
995.980609418282	3.30260833401151e-4	1
996.97783933518	3.35856075707175e-4	1
997.975069252077	3.29113477470798e-4	0
998.972299168975	3.2613818177739e-4	1
999.969529085872	3.35398337908189e-4	1
1000.96675900277	3.43821315696105e-4	0
1001.96398891967	3.43821315696105e-4	1
1002.96121883656	3.45875112925765e-4	1
1003.95844875346	3.56285636419804e-4	1
1004.95567867036	3.68533133975563e-4	1
1005.95290858726	3.68659614156862e-4	0
1006.95013850415	3.68081419042353e-4	1
1007.94736842105	3.61447232389947e-4	1
1008.94459833795	3.62040484668896e-4	1
1009.94182825485	3.70276753617752e-4	1
1010.93905817174	3.70671251326089e-4	0
1011.93628808864	3.73676661348377e-4	1
1012.93351800554	3.75989441806411e-4	1
1013.93074792244	3.79627252735193e-4	1
1014.92797783933	3.67671864169576e-4	0
1015.92520775623	3.63573304008921e-4	1
1016.92243767313	3.64247864975847e-4	1
1017.91966759003	3.60119190486311e-4	1
1018.91689750692	3.62579531155859e-4	1
1019.91412742382	3.59616281194004e-4	1
1020.91135734072	3.59745772808191e-4	0
1021.90858725762	3.59745772808191e-4	1
1022.90581717451	3.66256490712186e-4	1
1023.90304709141	3.69686512771692e-4	1
1024.90027700831	3.70836880134932e-4	1
1025.89750692521	3.6335648084098e-4	1
1026.8947368421	3.75363063765693e-4	1
1027.891966759	3.70333970842626e-4	1
1028.8891966759	3.8454793407429e-4	1
1029.8864265928	3.63239034958345e-4	1
1030.8836565097	3.76925997434599e-4	1
1031.88088642659	3.81154049209441e-4	1
1032.87811634349	3.88146596375527e-4	1
1033.87534626039	3.83635469909207e-4	0
1034.87257617729	3.82738062908563e-4	1
1035.86980609418	3.79735664319163e-4	1
1036.86703601108	3.76016544702403e-4	0
1037.86426592798	3.95277669454464e-4	1
1038.86149584488	3.97756078721341e-4	1
1039.85872576177	3.87321463764198e-4	1
1040.85595567867	3.90067890558113e-4	1
1041.85318559557	3.78151650620041e-4	1
1042.85041551247	3.68018178951704e-4	1
1043.84764542936	3.70219536392879e-4	1
1044.84487534626	3.79100251979781e-4	1
1045.84210526316	3.67030428964419e-4	1
1046.83933518006	3.84195596426387e-4	1
1047.83656509695	3.85231529339881e-4	1
1048.83379501385	3.78094433395168e-4	1
1049.83102493075	3.49299112119495e-4	0
1050.82825484765	3.80241585044358e-4	1
1051.82548476454	3.50356125063205e-4	0
1052.82271468144	3.46787577090849e-4	1
1053.81994459834	3.69930438835625e-4	1
1054.81717451524	3.49235872028845e-4	0
1055.81440443214	3.63886493029279e-4	1
1056.81163434903	3.30890222874756e-4	0
1057.80886426593	3.34037170242784e-4	1
1058.80609418283	3.40156401871331e-4	1
1059.80332409973	3.30601125317502e-4	1
1060.80055401662	3.39680595475016e-4	0
1061.79778393352	3.33028340225282e-4	1
1062.79501385042	3.15411457830104e-4	1
1063.79224376732	3.06106130205985e-4	1
1064.78947368421	3.29619398195993e-4	1
1065.78670360111	3.00872259846529e-4	1
1066.78393351801	3.02447239246987e-4	1
1067.78116343491	3.03067594421928e-4	1
1068.7783933518	3.03350669113406e-4	1
1069.7756232687	2.93250323206837e-4	1
1070.7728531856	2.89290288959032e-4	1
1071.7700831025	3.10825045541582e-4	0
1072.76731301939	2.96183458839812e-4	1
1073.76454293629	3.05618278078118e-4	1
1074.76177285319	2.95804018295916e-4	1
1075.75900277009	2.96005784299416e-4	0
1076.75623268698	2.96047944359849e-4	1
1077.75346260388	2.76139361536855e-4	1
1078.75069252078	2.81885175487282e-4	1
1079.74792243768	2.79765126734084e-4	1
1080.74515235457	2.71613177906094e-4	1
1081.74238227147	2.75940606966242e-4	1
1082.73961218837	2.69574437840874e-4	1
1083.73684210527	2.66153450080033e-4	1
1084.73407202217	2.7258285929605e-4	1
1085.73130193906	2.57649163604138e-4	1
1086.72853185596	2.83213217390918e-4	1
1087.72576177286	2.74022324216545e-4	1
1088.72299168976	2.69706940887949e-4	1
1089.72022160665	2.68803511021529e-4	1
1090.71745152355	2.61675449375481e-4	0
1091.71468144045	2.5126793731433e-4	1
1092.71191135735	2.49403860356618e-4	1
1093.70914127424	2.65909524016099e-4	1
1094.70637119114	2.50548204854082e-4	0
1095.70360110804	2.49126808530916e-4	1
1096.70083102494	2.46100318478411e-4	1
1097.69806094183	2.40477973276394e-4	1
1098.69529085873	2.5248154476822e-4	1
1099.69252077563	2.44022429785646e-4	1
1100.68975069253	2.39920858192102e-4	1
1101.68698060942	2.25872523769281e-4	1
1102.68421052632	2.29148962751495e-4	1
1103.68144044322	2.32521767586128e-4	1
1104.67867036012	2.18057855424754e-4	1
1105.67590027701	2.05527283177517e-4	1
1106.67313019391	1.91096496777912e-4	1
1107.67036011081	2.0521108272427e-4	1
1108.66759002771	2.00166932636762e-4	0
1109.6648199446	1.99935052304381e-4	1
1110.6620498615	1.77304134150576e-4	1
1111.6592797784	1.8689855933195e-4	1
1112.6565096953	1.69899020678826e-4	0
1113.6537396122	1.7812324389613e-4	1
1114.65096952909	1.64845836292653e-4	1
1115.64819944599	1.72446692902128e-4	1
1116.64542936289	1.71892589250724e-4	1
1117.64265927979	1.59485485751898e-4	1
1118.63988919668	1.56513201491379e-4	1
1119.63711911358	1.49617020177711e-4	1
1120.63434903048	1.41257282480444e-4	1
1121.63157894738	1.40537550020196e-4	1
1122.62880886427	1.40519481422868e-4	1
1123.62603878117	1.37655608746318e-4	1
1124.62326869807	1.44768613227927e-4	1
1125.62049861497	1.4294368489776e-4	1
1126.61772853186	1.34900147653739e-4	1
1127.61495844876	1.34433375556089e-4	1
1128.61218836566	1.21941951936398e-4	1
1129.60941828256	1.0665893002947e-4	1
1130.60664819945	1.11947006180911e-4	1
1131.60387811635	1.33355282582162e-4	1
1132.60110803325	1.18051180645018e-4	1
1133.59833795015	1.23119422195631e-4	1
1134.59556786704	1.16406938288135e-4	1
1135.59279778394	1.04951447581937e-4	1
1136.59002770084	1.01096813485215e-4	1
1137.58725761774	9.19781947001554e-5	0
1138.58448753464	1.04740647279773e-4	1
1139.58171745153	9.54804911489745e-5	1
1140.57894736843	1.09745648739736e-4	1
1141.57617728533	8.58228258769515e-5	1
1142.57340720223	8.00529204634198e-5	1
1143.57063711912	9.66971100357526e-5	1
1144.56786703602	7.97156399799566e-5	1
1145.56509695292	1.05192362212983e-4	1
1146.56232686982	1.05999426226984e-4	0
1147.55955678671	9.73867281671194e-5	1
1148.55678670361	9.48209873464884e-5	1
1149.55401662051	7.19100059340933e-5	1
1150.55124653741	9.08127701724744e-5	1
1151.5484764543	9.90430162555549e-5	1
1152.5457063712	7.94777367817995e-5	1
1153.5429362881	9.09211817564447e-5	1
1154.540166205	1.00651121417781e-4	1
1155.53739612189	9.2613607039537e-5	1
1156.53462603879	9.75252540799703e-5	1
1157.53185595569	7.96162626946505e-5	0
1158.52908587259	7.96162626946505e-5	1
1159.52631578948	7.84177124052008e-5	1
1160.52354570638	9.41343806480096e-5	1
1161.52077562328	9.2984013284769e-5	1
1162.51800554018	8.31125362776934e-5	1
1163.51523545708	8.85812984024186e-5	1
1164.51246537397	9.34658425468593e-5	1
1165.50969529087	8.38623830668215e-5	0
1166.50692520777	8.21699577837292e-5	1
1167.50415512467	8.5798734413847e-5	1
1168.50138504156	8.87107900166054e-5	0
1169.49861495846	9.1210279313699e-5	1
1170.49584487536	9.87960787587335e-5	1
1171.49307479226	9.46282556416522e-5	1
1172.49030470915	1.03054244862457e-4	1
1173.48753462605	8.12364135884292e-5	1
1174.48476454295	1.00584869894244e-4	1
1175.48199445985	8.3422713865164e-5	0
1176.47922437674	9.53299195045712e-5	1
1177.47645429364	9.65465383913493e-5	1
1178.47368421054	9.84256725135016e-5	1
1179.47091412744	1.01485288327775e-4	1
1180.46814404433	1.03518005527219e-4	1
1181.46537396123	1.06460175458858e-4	1
1182.46260387813	9.57997030351093e-5	1
1183.45983379503	9.1583696991819e-5	1
1184.45706371192	9.25744584119922e-5	1
1185.45429362882	9.72722937173729e-5	1
1186.45152354572	1.00458389712945e-4	1
1187.44875346262	1.09953437609013e-4	1
1188.44598337952	1.0172620295882e-4	0
1189.44321329641	1.0172620295882e-4	1
1190.44044321331	1.01349773847812e-4	1
1191.43767313021	1.08071292053972e-4	1
1192.43490304711	1.00115086363706e-4	1
1193.432132964	1.19165410813602e-4	1
1194.4293628809	1.09375242494504e-4	1
1195.4265927978	9.98350231051158e-5	1
1196.4238227147	1.1000463196811e-4	1
1197.42105263159	1.00500549773378e-4	1
1198.41828254849	1.10950221894962e-4	1
1199.41551246539	1.08941596158623e-4	1
1200.41274238229	1.11209205123336e-4	1
1201.40997229918	1.06445118294417e-4	1
1202.40720221608	1.11299548109978e-4	1
1203.40443213298	1.19707468733454e-4	1
1204.40166204988	1.11441085455717e-4	1
1205.39889196677	1.0984803745793e-4	0
1206.39612188367	1.14301946699378e-4	1
1207.39335180057	1.03370445315704e-4	1
1208.39058171747	1.19201548008259e-4	1
1209.38781163436	9.30954363016274e-5	1
1210.38504155126	1.09573997065117e-4	1
1211.38227146816	1.07429856848815e-4	1
1212.37950138506	1.05053836300132e-4	1
1213.37673130195	1.03716760097831e-4	1
1214.37396121885	1.08637441436928e-4	0
1215.37119113575	9.97747944473545e-5	1
1216.36842105265	8.51663335073534e-5	1
1217.36565096955	8.06461727423685e-5	1
1218.36288088644	9.13608509581022e-5	1
1219.36011080334	9.39807975707183e-5	1
1220.35734072024	9.31104934660677e-5	0
1221.35457063714	8.4262903640934e-5	1
1222.35180055403	8.61661292261909e-5	1
1223.34903047093	9.00569005175702e-5	1
1224.34626038783	8.90781848289493e-5	1
1225.34349030473	8.75001939956034e-5	1
1226.34072022162	8.62022664208476e-5	1
1227.33795013852	8.35220911504702e-5	1
1228.33518005542	7.38192543851262e-5	1
1229.33240997232	8.31757763683427e-5	0
1230.32963988921	9.56521428235942e-5	1
1231.32686980611	8.5660208500996e-5	0
1232.32409972301	8.24078609818863e-5	1
1233.32132963991	7.39216431033204e-5	1
1234.3185595568	6.27552499543771e-5	1
1235.3157894737	7.78124143946998e-5	1
1236.3130193906	9.0930216055109e-5	1
1237.3102493075	8.52325850308908e-5	1
1238.30747922439	6.67423870981745e-5	0
1239.30470914129	7.63639151755408e-5	1
1240.30193905819	7.92518793151947e-5	1
1241.29916897509	7.95590454697772e-5	1
1242.29639889199	1.00735441538647e-4	1
1243.29362880888	9.16077884549235e-5	0
1244.29085872578	1.13811083138623e-4	1
1245.28808864268	8.94214881781886e-5	1
1246.28531855958	1.18834153195915e-4	0
1247.28254847647	1.23833131790102e-4	1
1248.27977839337	1.24453486965043e-4	1
1249.27700831027	1.37586345789893e-4	0
1250.27423822717	1.37860386182707e-4	1
1251.27146814406	1.50776421839616e-4	1
1252.26869806096	1.49330934053345e-4	1
1253.26592797786	1.75831543468313e-4	1
1254.26315789476	1.79749417655685e-4	0
1255.26038781165	1.79074856688758e-4	1
1256.25761772855	1.9240647008422e-4	1
1257.25484764545	2.15895646611123e-4	0
1258.25207756235	2.26381455927364e-4	1
1259.24930747924	2.20114664087302e-4	1
1260.24653739614	2.26842205159238e-4	0
1261.24376731304	2.38216387177458e-4	1
1262.24099722994	2.51921418251039e-4	0
1263.23822714683	2.51921418251039e-4	1
1264.23545706373	2.74952856978957e-4	1
1265.23268698063	2.73579643582e-4	1
1266.22991689753	2.78840616837448e-4	1
1267.22714681443	2.83637829428135e-4	1
1268.22437673132	2.95289063272057e-4	1
1269.22160664822	2.8159306649714e-4	1
1270.21883656512	3.02094901599083e-4	1
1271.21606648202	3.14508027963685e-4	1
1272.21329639891	3.10852148437575e-4	1
1273.21052631581	3.1622755614277e-4	1
1274.20775623271	2.96490624994395e-4	1
1275.20498614961	3.13773238338997e-4	1
1276.2022160665	3.11966378606158e-4	1
1277.1994459834	3.17028597290995e-4	1
1278.1966759003	3.24755934081769e-4	1
1279.1939058172	3.16980414364786e-4	1
1280.19113573409	3.09238020409572e-4	1
1281.18836565099	2.9824026750236e-4	1
1282.18559556789	2.89832346878884e-4	1
1283.18282548479	2.65656563653502e-4	1
1284.18005540168	2.62840873903162e-4	1
1285.17728531858	2.58444181886587e-4	1
1286.17451523548	2.56450613314689e-4	0
1287.17174515238	2.51424531824509e-4	1
1288.16897506927	2.48638956403049e-4	0
1289.16620498617	2.61055094200539e-4	1
1290.16343490307	2.49199082920229e-4	1
1291.16066481997	2.6433755604853e-4	0
1292.15789473686	2.66665393671004e-4	1
1293.15512465376	2.82484450632007e-4	1
1294.15235457066	2.87435246299985e-4	1
1295.14958448756	2.86682388077969e-4	1
1296.14681440446	3.0793406996904e-4	1
1297.14404432135	3.12511447958898e-4	1
1298.14127423825	3.20934425746815e-4	1
1299.13850415515	3.04112561634086e-4	1
1300.13573407205	3.20759762639307e-4	1
1301.13296398894	3.01028854356708e-4	1
1302.13019390584	2.98213164606368e-4	1
1303.12742382274	3.01013797192268e-4	1
1304.12465373964	2.84995985660652e-4	1
1305.12188365653	3.07837704116622e-4	1
1306.11911357343	2.75031154234047e-4	0
1307.11634349033	2.8191830124905e-4	1
1308.11357340723	2.91422383443782e-4	1
1309.11080332412	2.7715722585302e-4	1
1310.10803324102	2.70014107042531e-4	1
1311.10526315792	2.63985218400626e-4	1
1312.10249307482	2.4541672321282e-4	1
1313.09972299171	2.66662382238115e-4	1
1314.09695290861	2.49241242980662e-4	1
1315.09418282551	2.3494597106102e-4	1
1316.09141274241	2.46277993018807e-4	0
1317.0886426593	2.43200308607205e-4	1
1318.0858725762	2.24941991006869e-4	1
1319.0831024931	2.3206704122003e-4	0
1320.08033241	2.29859660913079e-4	1
1321.07756232689	2.32675350663419e-4	1
1322.07479224379	2.2719755424003e-4	1
1323.07202216069	2.16497933188736e-4	1
1324.06925207759	2.35259160081378e-4	1
1325.06648199449	2.05623649029935e-4	1
1326.06371191138	2.02434541601475e-4	1
1327.06094182828	2.02106295416676e-4	1
1328.05817174518	1.94312707102365e-4	1
1329.05540166208	1.91490994486248e-4	1
1330.05263157897	1.93108133947139e-4	1
1331.04986149587	1.78662290383093e-4	1
1332.04709141277	1.82986708010354e-4	1
1333.04432132967	1.63316028385516e-4	1
1334.04155124656	1.67848234882054e-4	0
1335.03878116346	1.46346604061273e-4	1
1336.03601108036	1.35902954805465e-4	1
1337.03324099726	1.34797758935545e-4	1
1338.03047091415	1.24435418367715e-4	1
1339.02770083105	1.1261855571495e-4	1
1340.02493074795	1.35815623251711e-4	1
1341.02216066485	1.34427352690313e-4	1
1342.01939058174	1.46723033172281e-4	1
1343.01662049864	1.29759631713813e-4	1
1344.01385041554	1.27362531134914e-4	1
1345.01108033244	1.28118400789818e-4	1
1346.00831024933	1.28913419072267e-4	1
1347.00554016623	1.24348086813961e-4	1
1348.00277008313	1.18734775910609e-4	0
1349.00000000003	1.18734775910609e-4	1
1351	7.62765836217869e-5	0
1351.99676375405	7.62765836217869e-5	1
1352.99352750809	1.01756317287701e-4	1
1353.99029126214	1.12591452818957e-4	1
1354.98705501618	1.01798477348134e-4	1
1355.98381877023	1.12344515322136e-4	1
1356.98058252427	1.00681235746662e-4	1
1357.97734627832	1.28133457954258e-4	0
1358.97411003236	1.30349872559874e-4	1
1359.97087378641	1.14458541209557e-4	1
1360.96763754045	1.16033520610015e-4	0
1361.9644012945	1.17686797265562e-4	1
1362.96116504854	1.54260649691106e-4	1
1363.95792880259	1.57500951478664e-4	0
1364.95469255663	1.42184803809968e-4	1
1365.95145631068	1.48725636042844e-4	1
1366.94822006473	1.41660814487444e-4	1
1367.94498381877	1.29461499857895e-4	1
1368.94174757282	1.53522848633531e-4	1
1369.93851132686	1.59705320352727e-4	1
1370.93527508091	1.53342162660247e-4	1
1371.93203883495	1.19063022095408e-4	1
1372.928802589	1.27043319248779e-4	1
1373.92556634304	1.25203333754172e-4	1
1374.92233009709	1.47584302978267e-4	1
1375.91909385113	1.56943836394372e-4	0
1376.91585760518	1.68664333194719e-4	1
1377.91262135922	1.53459608542881e-4	0
1378.90938511327	1.68516772983204e-4	1
1379.90614886731	1.69489465806049e-4	0
1380.90291262136	1.6786931491227e-4	1
1381.89967637541	1.74226449738974e-4	1
1382.89644012945	1.72636413174076e-4	1
1383.8932038835	1.55317662634817e-4	0
1384.88996763754	1.40751361755249e-4	1
1385.88673139159	1.21541431362285e-4	1
1386.88349514563	1.54579861577241e-4	1
1387.88025889968	1.59666171725182e-4	1
1388.87702265372	1.49096042288076e-4	1
1389.87378640777	1.71160811058925e-4	1
1390.87055016181	1.62436689982202e-4	1
1391.86731391586	1.44789693258143e-4	0
1392.8640776699	1.24763664552514e-4	1
1393.86084142395	1.41874626222497e-4	1
1394.85760517799	1.6460191022872e-4	1
1395.85436893204	1.50981199276004e-4	0
1396.85113268609	1.50981199276004e-4	1
1397.84789644013	1.25287653875037e-4	1
1398.84466019418	1.52402595599171e-4	1
1399.84142394822	1.69070876634608e-4	1
1400.83818770227	1.772981112848e-4	1
1401.83495145631	1.56254218263005e-4	1
1402.83171521036	1.40408058406009e-4	1
1403.8284789644	1.51032393635101e-4	1
1404.82524271845	1.77816077741547e-4	0
1405.82200647249	1.88425355806199e-4	1
1406.81877022654	1.7393735218172e-4	0
1407.81553398058	1.55212262483735e-4	1
1408.81229773463	1.88621098943923e-4	1
1409.80906148867	1.58630238811688e-4	1
1410.80582524272	1.78740587638183e-4	1
1411.80258899677	1.77066230952419e-4	1
1412.79935275081	1.74491455833124e-4	1
1413.79611650486	1.59937200685108e-4	1
1414.7928802589	1.66535250142857e-4	1
1415.78964401295	1.57579248733753e-4	1
1416.78640776699	1.30678118744673e-4	1
1417.78317152104	1.24986510586231e-4	1
1418.77993527508	1.71332462733544e-4	1
1419.77669902913	1.85724100505605e-4	1
1420.77346278317	1.97736706296094e-4	1
1421.77022653722	1.76716904737404e-4	1
1422.76699029126	1.7862013032266e-4	1
1423.76375404531	2.25872523769281e-4	1
1424.76051779935	2.06012123872495e-4	1
1425.7572815534	2.16184744168378e-4	1
1426.75404530745	2.14986193878928e-4	1
1427.75080906149	1.73699448983563e-4	1
1428.74757281554	2.28082915509121e-4	1
1429.74433656958	2.37617112032733e-4	0
1430.74110032363	2.37617112032733e-4	1
1431.73786407767	2.21743849279745e-4	1
1432.73462783172	2.43438211805362e-4	1
1433.73139158576	2.12537898940931e-4	1
1434.72815533981	1.5724196825029e-4	1
1435.72491909385	1.68929339288869e-4	1
1436.7216828479	2.66749713791869e-4	1
1437.71844660194	2.97764461106046e-4	1
1438.71521035599	3.02335816230128e-4	1
1439.71197411003	2.87097965816522e-4	1
1440.70873786408	3.09743941134767e-4	1
1441.70550161813	3.21416255008905e-4	0
1442.70226537217	3.21416255008905e-4	1
1443.69902912622	3.26270684824465e-4	1
1444.69579288026	3.28562385252282e-4	1
1445.69255663431	2.81057031443064e-4	1
1446.68932038835	3.38195959061201e-4	1
1447.6860841424	3.48988934532024e-4	1
1448.68284789644	3.64437585247795e-4	1
1449.67961165049	3.50344079331653e-4	0
1450.67637540453	3.74706571396095e-4	1
1451.67313915858	3.9534693241089e-4	1
1452.66990291262	3.22536508043265e-4	0
1453.66666666667	3.01480569289918e-4	1
1454.66343042071	2.23433263129949e-4	1
1455.66019417476	2.70471844841517e-4	0
1456.65695792881	2.94111593012824e-4	1
1457.65372168285	4.23807984635988e-4	1
1458.6504854369	4.57593250207184e-4	0
1459.64724919094	4.62775926207543e-4	1
1460.64401294499	4.80823443505714e-4	1
1461.64077669903	4.19902156180168e-4	0
1462.63754045308	4.19902156180168e-4	1
1463.63430420712	4.2837933976007e-4	1
1464.63106796117	4.99735242042759e-4	0
1465.62783171521	5.13157198424863e-4	1
1466.62459546926	5.14696040630664e-4	1
1467.6213592233	5.09636833378715e-4	1
1468.61812297735	4.88442368712517e-4	1
1469.61488673139	3.87466012542825e-4	1
1470.61165048544	3.2548470084068e-4	0
1471.60841423949	3.55026857472593e-4	1
1472.60517799353	4.65672924645861e-4	1
1473.60194174758	4.11629750036655e-4	0
1474.59870550162	4.29683290200602e-4	1
1475.59546925567	5.52631060721613e-4	1
1476.59223300971	5.82001565678906e-4	1
1477.58899676376	5.90731709621405e-4	1
1478.5857605178	5.51742688019634e-4	1
1479.58252427185	5.44873609601959e-4	1
1480.57928802589	6.05457616444041e-4	1
1481.57605177994	6.2305643024189e-4	1
1482.57281553398	5.99052298691128e-4	1
1483.56957928803	6.14130543161667e-4	1
1484.56634304207	5.67627996504174e-4	1
1485.56310679612	5.33267547251358e-4	1
1486.55987055017	5.31105338437727e-4	1
1487.55663430421	4.39949264916014e-4	1
1488.55339805826	4.36344579749e-4	1
1489.5501618123	5.42449406127067e-4	1
1490.54692556635	6.26649069677351e-4	1
1491.54368932039	6.22905858597487e-4	1
1492.54045307444	6.03485127902359e-4	1
1493.53721682848	5.11383464453793e-4	1
1494.53398058253	4.34887046231177e-4	1
1495.53074433657	5.1003434251994e-4	1
1496.52750809062	4.78838909232479e-4	1
1497.52427184466	5.16415568809749e-4	0
1498.52103559871	5.52465431912769e-4	1
1499.51779935275	5.42187411465805e-4	1
1500.5145631068	5.51414441834835e-4	1
1501.51132686085	5.31063178377295e-4	0
1502.50809061489	4.83744533407136e-4	1
1503.50485436894	2.57733483725004e-4	1
1504.50161812298	2.02335164316169e-4	0
1505.49838187703	2.02335164316169e-4	1
1506.49514563107	2.98655845240913e-4	1
1507.49190938512	3.30269867699815e-4	1
1508.48867313916	3.83355406650617e-4	1
1509.48543689321	4.17035272070731e-4	1
1510.48220064725	4.10045736337533e-4	1
1511.4789644013	4.33333146860936e-4	1
1512.47572815534	4.60969066474704e-4	1
1513.47249190939	4.31827430416904e-4	1
1514.46925566343	4.04158385041367e-4	1
1515.46601941748	2.97204334588866e-4	1
1516.46278317153	3.46905022973483e-4	1
1517.45954692557	4.39976367812006e-4	1
1518.45631067962	3.85553752658904e-4	1
1519.45307443366	2.5789610110096e-4	1
1520.44983818771	3.09000117211415e-4	0
1521.44660194175	3.09000117211415e-4	1
1522.4433656958	3.89044003376171e-4	1
1523.44012944984	3.31320857777749e-4	1
1524.43689320389	3.65883073034066e-4	1
1525.43365695793	3.80895065981068e-4	1
1526.43042071198	3.47188097664961e-4	1
1527.42718446602	3.61787524306298e-4	1
1528.42394822007	3.89634244222231e-4	1
1529.42071197411	3.70457439591036e-4	1
1530.41747572816	3.31203411895115e-4	1
1531.41423948221	2.53668049326117e-4	1
1532.41100323625	2.39297491584273e-4	1
1533.4077669903	3.35663344002338e-4	1
1534.40453074434	3.48648642615673e-4	1
1535.40129449839	3.03082651586368e-4	1
1536.39805825243	1.96240024150726e-4	0
1537.39482200648	1.47521062887618e-4	1
1538.39158576052	2.3783995806645e-4	0
1539.38834951457	2.3783995806645e-4	1
1540.38511326861	2.63416057584782e-4	1
1541.38187702266	3.59272977844764e-4	0
1542.3786407767	3.87459989677049e-4	1
1543.37540453075	4.01535426995862e-4	0
1544.37216828479	4.56283276900876e-4	1
1545.36893203884	5.41187615746968e-4	1
1546.36569579289	5.28334820180708e-4	1
1547.36245954693	4.6926857551421e-4	0
1548.35922330098	4.51886584884302e-4	1
1549.35598705502	5.46304040223789e-4	1
1550.35275080907	5.59692870844124e-4	0
1551.34951456311	5.39633716376726e-4	1
1552.34627831716	4.37401592692711e-4	1
1553.3430420712	4.36200030970373e-4	1
1554.33980582525	4.67937522177686e-4	1
1555.33656957929	3.02164164555508e-4	1
1556.33333333334	2.2196970674635e-4	1
1557.33009708738	2.1622690422881e-4	0
1558.32686084143	3.31284720583093e-4	1
1559.32362459547	5.63348750370235e-4	0
1560.32038834952	6.09125541701704e-4	1
1561.31715210357	6.41667085490129e-4	1
1562.31391585761	5.53438124735614e-4	0
1563.31067961166	5.62270657396308e-4	1
1564.3074433657	6.19237933339825e-4	1
1565.30420711975	6.9873675015184e-4	1
1566.30097087379	5.94544183657695e-4	0
1567.29773462784	4.54738411829299e-4	1
1568.29449838188	6.20689443991872e-4	0
1569.29126213593	6.83363385258271e-4	1
1570.28802588997	7.14037840656096e-4	1
1571.28478964402	7.08409472588304e-4	1
1572.28155339806	7.08048100641736e-4	1
1573.27831715211	5.9823921181135e-4	1
1574.27508090615	4.86331354257984e-4	1
1575.2718446602	5.70317206073216e-4	1
1576.26860841425	7.26312441107847e-4	0
1577.26537216829	7.28709541686747e-4	1
1578.26213592234	7.29877977647316e-4	0
1579.25889967638	7.43823923351943e-4	1
1580.25566343043	7.48118226650323e-4	1
1581.25242718447	7.66978830828271e-4	1
1582.24919093852	7.58799779104288e-4	1
1583.24595469256	7.67719643318735e-4	1
1584.24271844661	7.71005116599613e-4	1
1585.23948220065	7.60468112924275e-4	1
1586.2362459547	7.6486480494085e-4	1
1587.23300970874	7.35349751204929e-4	1
1588.22977346279	7.36683815974342e-4	1
1589.22653721683	7.27420648410655e-4	1
1590.22330097088	7.28290952515306e-4	1
1591.22006472493	7.51789163340874e-4	1
1592.21682847897	7.38279875405016e-4	1
1593.21359223302	7.17494965611595e-4	1
1594.21035598706	7.44167226701182e-4	1
1595.20711974111	7.51506088649395e-4	1
1596.20388349515	7.56839336294158e-4	1
1597.2006472492	7.56562284468456e-4	1
1598.19741100324	7.40399924158214e-4	1
1599.19417475729	7.28661358760538e-4	1
1600.19093851133	7.25508388526734e-4	0
1601.18770226538	7.25508388526734e-4	1
1602.18446601942	7.20837656117346e-4	1
1603.18122977347	7.31778191799685e-4	1
1604.17799352751	6.86934944663515e-4	1
1605.17475728156	6.82709904321561e-4	0
1606.17152103561	6.91500276921821e-4	1
1607.16828478965	6.36978284483413e-4	1
1608.1650485437	6.76909884579149e-4	0
1609.16181229774	6.80553718373707e-4	1
1610.15857605179	6.72883598807806e-4	1
1611.15533980583	6.89889160326707e-4	1
1612.15210355988	6.79855065943676e-4	1
1613.14886731392	5.85136467315382e-4	1
1614.14563106797	3.97304363788132e-4	0
1615.14239482201	3.2705666880825e-4	1
1616.13915857606	5.53959102625249e-4	1
1617.1359223301	6.2069245542476e-4	0
1618.13268608415	6.2069245542476e-4	1
1619.12944983819	5.93128810200305e-4	1
1620.12621359224	5.52001671248007e-4	1
1621.12297734629	4.69389032829733e-4	1
1622.11974110033	4.84870809307273e-4	1
1623.11650485438	5.16451706004405e-4	1
1624.11326860842	5.48896883940413e-4	1
1625.11003236247	5.25504073265928e-4	1
1626.10679611651	3.36368019298146e-4	1
1627.10355987056	4.69660061789659e-4	1
1628.1003236246	4.96678637661374e-4	1
1629.09708737865	4.61661696038959e-4	0
1630.09385113269	4.67482795811588e-4	1
1631.09061488674	4.67067218073035e-4	1
1632.08737864078	4.28126379397472e-4	1
1633.08414239483	3.553280007614e-4	1
1634.08090614887	2.97403089159478e-4	1
1635.07766990292	2.27956435327822e-4	1
1636.07443365696	3.39749858431442e-4	1
1637.07119741101	3.56818660040992e-4	1
1638.06796116506	3.78476885371952e-4	0
1639.0647249191	3.78476885371952e-4	1
1640.06148867315	3.36295744908832e-4	1
1641.05825242719	3.2928211771253e-4	1
1642.05501618124	3.155891323705e-4	1
1643.05177993528	2.65755940938808e-4	1
1644.04854368933	2.17235734246312e-4	1
1645.04530744337	1.74458330071355e-4	1
1646.04207119742	1.84540607380595e-4	1
1647.03883495146	2.45299277330186e-4	0
1648.03559870551	2.47795755194391e-4	1
1649.03236245955	2.10011306747845e-4	1
1650.0291262136	1.06595689938821e-4	1
1651.02588996765	9.61339720856845e-5	0
1652.02265372169	1.24814858911611e-4	1
1653.01941747574	1.60111863792616e-4	1
1654.01618122978	2.21147585567908e-4	1
1655.01294498383	2.3132020586379e-4	1
1656.00970873787	2.26971696773425e-4	1
1657.00647249192	2.21734814981081e-4	0
1658.00323624596	2.21734814981081e-4	1
1659.00000000001	2.15720983503616e-4	1
1661	3.26794674146988e-4	1
1662	3.36916100083773e-4	1
1663	4.60499282944166e-4	1
1664	4.75969013690154e-4	1
1665	4.86704771936104e-4	0
1666	4.95106669693804e-4	1
1667	3.28231127634595e-4	1
1668	3.30378279283785e-4	0
1669	3.30378279283785e-4	1
1670	4.34905114828506e-4	1
1671	5.65366410405238e-4	0
1672	5.65366410405238e-4	1
1673	5.12651277699668e-4	0
1674	3.2724337764731e-4	1
1675	5.90813018309383e-4	0
1676	6.26239514804575e-4	1
1677	6.42937910168892e-4	1
1678	5.98510240771276e-4	1
1679	5.0097896382553e-4	1
1680	6.01590936615766e-4	1
1681	5.94098491590262e-4	0
1682	5.94098491590262e-4	1
1683	1.98950313749984e-4	1
1684	3.26333924915114e-4	1
1685	5.16659494873682e-4	1
1686	6.9413226926599e-4	1
1687	6.36731346986591e-4	1
1688	6.89316988077975e-4	1
1689	7.18503795629096e-4	0
1690	7.18503795629096e-4	1
1691	7.83610974669052e-4	1
1692	7.83249602722484e-4	1
1693	7.49828720530744e-4	0
1694	6.32623752527271e-4	1
1695	5.31352275934549e-4	1
1696	6.93662485735452e-4	0
1697	7.30570607211571e-4	1
1698	2.94762062516646e-4	1
1699	1.99266514203231e-4	0
1700	1.99266514203231e-4	1
1701	7.76976788016645e-4	0
1702	7.76976788016645e-4	1
1703	7.30266452489876e-4	1
1704	6.93018039097406e-4	1
1705	6.81156004951319e-4	1
1706	6.07683065348321e-4	1
1707	8.80455644916319e-4	1
1708	8.74176807344705e-4	1
1709	7.86369447194518e-4	1
1710	8.24415890302326e-4	1
1711	8.93690892459363e-4	1
1712	8.1767329206595e-4	0
1713	8.1767329206595e-4	1
1714	6.28242117675137e-4	1
1715	6.89615119933893e-4	1
1716	4.78793737739158e-4	1
1717	4.54118056654357e-4	1
1718	6.07213281817783e-4	1
1719	8.71454472013894e-4	1
1720	8.53933955471135e-4	0
1721	8.53933955471135e-4	1
1722	8.26379344545344e-4	1
1723	7.86465813046937e-4	1
1724	8.47977341218543e-4	1
1725	8.56382250409131e-4	0
1726	8.56382250409131e-4	1
1727	8.49823349578927e-4	1
1728	8.15496026087879e-4	1
1729	5.7928826464676e-4	1
1730	6.52577506843587e-4	1
1731	7.33073107941552e-4	0
1732	6.26420200777858e-4	1
1733	3.76423088142292e-4	1
1734	3.60251693533385e-4	1
1735	7.33091176538881e-4	1
1736	7.36819330454305e-4	1
1737	7.14507624186634e-4	1
1738	7.25213268103704e-4	1
1739	6.10390343514691e-4	1
1740	7.26131755134564e-4	1
1741	7.33100210837545e-4	1
1742	5.81092112946711e-4	1
1743	7.03133442168415e-4	0
1744	7.39909060597459e-4	1
1745	7.47537020102926e-4	1
1746	6.74491703970033e-4	1
1747	6.26384063583202e-4	1
1748	7.40664930252363e-4	0
1749	7.40664930252363e-4	1
1750	7.41824331914268e-4	1
1751	7.37882366263791e-4	1
1752	9.19203751887046e-4	0
1753	9.19203751887046e-4	1
1754	9.38853351481667e-4	0
1755	9.21113000338079e-4	1
1756	8.36970554012667e-4	1
1757	9.74490648279023e-4	1
1758	9.95901936113162e-4	1
1759	9.78881317429821e-4	1
1760	7.94075703955076e-4	1
1761	6.84351135245556e-4	1
1762	9.79327009497254e-4	1
1763	0.00100728214099716	1
1764	0.00102691969486023	1
1765	0.00100926065240462	1
1766	9.25461509428444e-4	1
1767	6.35686379774433e-4	1
1768	8.9185994126342e-4	1
1769	9.09169657504015e-4	1
1770	6.31876917171031e-4	0
1771	6.31876917171031e-4	1
1772	6.32644832557488e-4	1
1773	9.09648475333217e-4	0
1774	8.32305844469055e-4	1
1775	8.11846169427545e-4	1
1776	8.97687063901825e-4	1
1777	8.80582125097618e-4	1
1778	8.17558857616203e-4	1
1779	7.19048864981836e-4	0
1780	7.19048864981836e-4	1
1781	8.05151754117377e-4	1
1782	8.42571819184467e-4	1
1783	8.35600352048598e-4	1
1784	7.44332855510026e-4	1
1785	7.5751992012686e-4	1
1786	8.15288237218603e-4	1
1787	7.89998223824636e-4	1
1788	7.84914925109583e-4	1
1789	6.92734964405928e-4	1
1790	6.3527080203588e-4	1
1791	5.29988096836256e-4	1
1792	4.67314155569856e-4	1
1793	6.22625795338897e-4	1
1794	7.09454439800462e-4	1
1795	6.55191430590427e-4	1
1796	6.47114767584638e-4	1
1797	6.56706181333123e-4	1
1798	5.14400920207633e-4	0
1799	5.14400920207633e-4	1
1800	6.21556736663634e-4	1
1801	5.84326391868492e-4	1
1802	5.64333488924632e-4	1
1803	6.09526062275816e-4	1
1804	6.50454446657502e-4	1
1805	6.38944750159319e-4	1
1806	6.14235943312749e-4	1
1807	5.95098287309099e-4	1
1808	5.86027851450249e-4	1
1809	5.07450533101981e-4	1
1810	5.07983556723168e-4	1
1811	5.47635093560314e-4	1
1812	5.39931848232645e-4	1
1813	5.38558634835687e-4	1
1814	5.4113642138787e-4	0
1815	5.36056134105706e-4	1
1816	5.03315835746668e-4	1
1817	4.76375557130042e-4	1
1818	4.86304251361991e-4	1
1819	4.76953752244551e-4	1
1820	4.48790831875371e-4	1
1821	4.35507401406118e-4	1
1822	4.23594172900935e-4	1
1823	4.01646850012721e-4	1
1824	3.62621691216292e-4	1
1825	2.82906051236336e-4	1
1826	3.60628122644394e-4	1
1827	3.73661604183937e-4	1
1828	3.33212037631454e-4	1
1829	2.80792025348914e-4	1
1830	2.7647363058743e-4	1
1831	3.19169726074409e-4	1
1832	3.10894308498008e-4	1
1833	2.85032122855309e-4	1
1834	2.93720106737375e-4	1
1835	2.67213474456631e-4	0
1836	2.67213474456631e-4	1
1837	2.49843529558275e-4	1
1838	2.69664780827516e-4	1
1839	2.47840926687712e-4	1
1840	2.51084239908158e-4	1
1841	2.29760283627773e-4	1
1842	2.13847872247239e-4	1
1843	1.31313531084055e-4	0
1844	1.31313531084055e-4	1
1845	1.87413514355809e-4	1
1846	1.83399274316019e-4	1
1847	1.54486507157711e-4	1
1848	1.58298981194001e-4	1
1849	1.67733800432307e-4	1
1850	1.48942459210784e-4	1
1851	1.31388816906256e-4	1
1852	1.46810364726035e-4	1
1853	1.51182965279504e-4	1
1854	1.30684141610449e-4	1
1855	1.18439655487579e-4	1
1856	1.17108602151054e-4	1
1857	1.15660102931895e-4	0
1858	1.15660102931895e-4	1
1859	1.09092167803026e-4	1
1860	1.11474211217485e-4	1
1861	9.35140254730683e-5	1
1862	9.29629332545525e-5	1
1863	8.35973769726718e-5	0
1864	7.65596583132649e-5	1
1865	8.67232443104828e-5	1
1866	6.45500639556635e-5	0
1867	5.63981151276728e-5	1
1868	4.89237386994966e-5	1
1869	5.77924085548467e-5	1
1870	7.88332901437537e-5	1
1871	6.56522483926952e-5	1
1872	7.42679578854478e-5	1
1873	5.60548117784335e-5	1
1874	5.8229066323616e-5	1
1875	7.86857299322385e-5	1
1876	7.43040950801046e-5	1
1877	6.66520441115326e-5	1
1878	6.4806035751149e-5	1
1879	6.35833939985948e-5	0
1880	6.38122628980877e-5	1
1881	4.06874697506401e-5	1
1882	2.94789165412638e-5	0
1883	3.5549965243602e-5	1
1884	4.37862341924585e-5	1
1885	4.65928896441347e-5	1
1886	3.68388585196936e-5	1
1887	2.74763136707009e-5	1
1888	2.59103685689074e-5	0
1889	2.59103685689074e-5	1
1890	2.94457907794951e-5	1
