Wavenumber (cm^-1)	Intensity profile for Laser = Laser wrapper [Q0259] - LaserTune LT-OEM [Q0259]: PiF (V)
770	1.98573884638976e-5
770.995412844037	1.95923823697479e-5
771.990825688073	2.05470065952644e-5
772.98623853211	2.81900232651722e-5
773.981651376147	2.64945865491919e-5
774.977064220183	2.34108792718138e-5
775.97247706422	4.45631838775791e-5
776.967889908257	5.01283118547224e-5
777.963302752293	5.65818125338447e-5
778.95871559633	5.41877233878334e-5
779.954128440367	6.29449702263251e-5
780.949541284403	6.14151623191883e-5
781.94495412844	6.27311584912725e-5
782.940366972476	6.53872422985455e-5
783.935779816513	8.23416094583489e-5
784.93119266055	7.39878946268578e-5
785.926605504586	8.23837695187818e-5
786.922018348623	8.49254188763082e-5
787.91743119266	1.03677611470286e-4
788.912844036696	1.05041790568579e-4
789.908256880733	8.45700697955166e-5
790.90366972477	1.14711501572155e-4
791.899082568806	9.08489073671312e-5
792.894495412843	1.24558887116126e-4
793.88990825688	1.1176330877474e-4
794.885321100916	9.59924347399454e-5
795.880733944953	1.12254172335494e-4
796.87614678899	9.95338798163094e-5
797.871559633026	1.00003663346847e-4
798.866972477063	1.10992381955395e-4
799.8623853211	1.14341095326923e-4
800.857798165136	1.13464768356496e-4
801.853211009173	1.24589001445006e-4
802.848623853209	1.21625751483151e-4
803.844036697246	1.23688583011475e-4
804.839449541283	1.43530914310932e-4
805.83486238532	1.2886222471317e-4
806.830275229356	1.22339461077622e-4
807.825688073393	1.38236815293715e-4
808.821100917429	1.44154280918762e-4
809.816513761466	1.53905300610315e-4
810.811926605503	1.34927250549732e-4
811.807339449539	1.558265947929e-4
812.802752293576	1.58560975855263e-4
813.798165137613	1.6088279061196e-4
814.793577981649	1.69040762305727e-4
815.788990825686	1.75629777464812e-4
816.784403669723	1.6768260607321e-4
817.779816513759	1.64659127453593e-4
818.775229357796	1.75464148655969e-4
819.770642201832	1.6096108786705e-4
820.766055045869	1.82706644751764e-4
821.761467889906	1.86085472452172e-4
822.756880733943	1.9061767894871e-4
823.752293577979	1.97342208587758e-4
824.747706422016	1.89283614179297e-4
825.743119266052	1.98447404457677e-4
826.738532110089	2.1426646141868e-4
827.733944954126	2.30567347641774e-4
828.729357798162	2.18804690780994e-4
829.724770642199	2.19988183906003e-4
830.720183486236	2.24951025305533e-4
831.715596330272	2.23397125935292e-4
832.711009174309	2.33876912385757e-4
833.706422018346	2.40206944316468e-4
834.701834862382	2.38574747691137e-4
835.697247706419	2.40167795688924e-4
836.692660550456	2.3861690775157e-4
837.688073394492	2.55056319887515e-4
838.683486238529	2.49572500598349e-4
839.678899082566	2.47431371814935e-4
840.674311926602	2.63903909712648e-4
841.669724770639	2.44410904628207e-4
842.665137614675	2.70830205355197e-4
843.660550458712	2.61040037036099e-4
844.655963302749	2.64656767934665e-4
845.651376146786	2.66367261815085e-4
846.646788990822	2.75672589439205e-4
847.642201834859	2.64942854059031e-4
848.637614678895	2.86763696765946e-4
849.633027522932	2.7415482726362e-4
850.628440366969	2.83881755492069e-4
851.623853211005	2.94000169995965e-4
852.619266055042	2.88925905579577e-4
853.614678899079	2.92774516810523e-4
854.610091743115	2.96891145568507e-4
855.605504587152	3.01381192004612e-4
856.600917431189	3.05970615726022e-4
857.596330275225	3.06344033404142e-4
858.591743119262	3.1023781612841e-4
859.587155963299	3.01808815474717e-4
860.582568807335	2.86802845393491e-4
861.577981651372	3.04600413761953e-4
862.573394495409	2.948493940704e-4
863.568807339445	3.09105517362497e-4
864.564220183482	2.95123434463214e-4
865.559633027518	2.90151558765019e-4
866.555045871555	2.82890994071895e-4
867.550458715592	2.69288351716508e-4
868.545871559628	2.96180447406924e-4
869.541284403665	2.99791155439714e-4
870.536697247702	3.35109240350935e-4
871.532110091738	3.44926511566025e-4
872.527522935775	3.51527572456662e-4
873.522935779812	3.84072127677976e-4
874.518348623848	4.23034046383755e-4
875.513761467885	4.307433145772e-4
876.509174311922	4.34483514224177e-4
877.504587155958	4.55328652675359e-4
878.499999999995	4.8140465005311e-4
879.495412844032	4.74041696641792e-4
880.490825688068	4.8566883902261e-4
881.486238532105	4.87234784124403e-4
882.481651376142	4.98166285508078e-4
883.477064220178	5.05773164983328e-4
884.472477064215	4.83169349725516e-4
885.467889908252	5.02081148262561e-4
886.463302752288	5.15963853876539e-4
887.458715596325	5.059568623895e-4
888.454128440361	5.15232075684739e-4
889.449541284398	5.23790567952619e-4
890.444954128435	4.87436550127903e-4
891.440366972471	4.97967530937465e-4
892.435779816508	5.18869886613521e-4
893.431192660545	5.25061392631382e-4
894.426605504581	5.26037096887115e-4
895.422018348618	5.35920619625743e-4
896.417431192655	5.30141679913547e-4
897.412844036691	5.24931901017195e-4
898.408256880728	5.36839106656602e-4
899.403669724765	5.335596562415e-4
900.399082568801	5.18029696837751e-4
901.394495412838	5.40735900813758e-4
902.389908256875	5.40356460269862e-4
903.385321100911	5.51062104186931e-4
904.380733944948	5.65887388294873e-4
905.376146788985	5.49520250548242e-4
906.371559633021	5.46957521160499e-4
907.366972477058	5.6053908348567e-4
908.362385321094	5.54025354148787e-4
909.357798165131	5.49282347350085e-4
910.353211009168	5.60403569005707e-4
911.348623853204	5.54874578223221e-4
912.344036697241	5.57593902121143e-4
913.339449541278	5.75930516976568e-4
914.334862385314	5.69124678649542e-4
915.330275229351	5.72277648883346e-4
916.325688073388	5.85997737121368e-4
917.321100917424	6.12796478392254e-4
918.316513761461	6.03415864945933e-4
919.311926605498	6.00314089071227e-4
920.307339449534	5.91864008387318e-4
921.302752293571	5.86696389551399e-4
922.298165137608	5.721632144336e-4
923.293577981644	5.57759530929987e-4
924.288990825681	5.35285207286361e-4
925.284403669718	5.12151379840249e-4
926.279816513754	5.02891223709451e-4
927.275229357791	4.7076224622669e-4
928.270642201827	4.83006732349561e-4
929.266055045864	5.07236721366928e-4
930.261467889901	5.08986363874893e-4
931.256880733937	5.03815733606086e-4
932.252293577974	5.04954055237775e-4
933.247706422011	4.71668687525997e-4
934.243119266047	4.73638164634792e-4
935.238532110084	4.75556447384489e-4
936.233944954121	4.97934405175697e-4
937.229357798157	5.18574766190491e-4
938.224770642194	5.16186699910256e-4
939.220183486231	5.15445887419792e-4
940.215596330267	5.31825070897975e-4
941.211009174304	5.49667810759757e-4
942.20642201834	5.43102887063777e-4
943.201834862377	5.25615496282786e-4
944.197247706414	5.37878051002985e-4
945.192660550451	5.5136023604285e-4
946.188073394487	5.29780307966979e-4
947.183486238524	5.30885503836899e-4
948.17889908256	5.25760045061413e-4
949.174311926597	5.4063953496134e-4
950.169724770634	5.5509441282405e-4
951.16513761467	5.22311954404579e-4
952.160550458707	5.22866058055983e-4
953.155963302744	5.30807206581809e-4
954.15137614678	5.32436391774252e-4
955.146788990817	5.37209512901834e-4
956.142201834854	5.29500244708389e-4
957.13761467889	5.3643858608249e-4
958.133027522927	5.32415311744035e-4
959.128440366964	5.36333185931407e-4
960.123853211	5.33083849845186e-4
961.119266055037	5.41576090589528e-4
962.114678899074	5.19595641939545e-4
963.11009174311	5.42497589053276e-4
964.105504587147	5.34146885654673e-4
965.100917431183	5.40883461025273e-4
966.09633027522	5.45280153041847e-4
967.091743119257	5.38971201141352e-4
968.087155963293	5.56904283989776e-4
969.08256880733	5.47857939594031e-4
970.077981651367	5.28657043499731e-4
971.073394495403	5.52694300812262e-4
972.06880733944	5.60237940196864e-4
973.064220183477	5.39715025064704e-4
974.059633027513	5.33791536573881e-4
975.05504587155	5.34207114312434e-4
976.050458715587	5.16801032219421e-4
977.045871559623	5.13259587143057e-4
978.04128440366	5.05128718345283e-4
979.036697247697	5.02870143679234e-4
980.032110091733	4.79935070803735e-4
981.02752293577	4.80245248391205e-4
982.022935779807	4.78968400846666e-4
983.018348623843	4.72680528976387e-4
984.01376146788	4.89649953300631e-4
985.009174311917	4.45026540765291e-4
986.004587155953	4.40804511856224e-4
986.99999999999	4.38660371639922e-4
989	3.90850863109009e-4
989.997229916898	4.18727697353823e-4
990.994459833795	4.12677728681701e-4
991.991689750692	4.07832333164805e-4
992.98891966759	4.30451205587058e-4
993.986149584488	4.19221572347465e-4
994.983379501385	4.34715394556558e-4
995.980609418282	4.33221723844077e-4
996.97783933518	4.52645465972094e-4
997.975069252077	4.37416649857151e-4
998.972299168975	4.30186199492908e-4
999.969529085872	4.38040016464981e-4
1000.96675900277	4.54157205281902e-4
1001.96398891967	4.58002805079961e-4
1002.96121883656	4.4938408415432e-4
1003.95844875346	4.61420781407914e-4
1004.95567867036	4.63504692966454e-4
1005.95290858726	4.55503315782867e-4
1006.95013850415	4.79368921420779e-4
1007.94736842105	4.77598198882597e-4
1008.94459833795	4.85265307015609e-4
1009.94182825485	4.92851106460644e-4
1010.93905817174	5.06017091047262e-4
1011.93628808864	4.92393368661658e-4
1012.93351800554	4.99138978330922e-4
1013.93074792244	4.84301648491428e-4
1014.92797783933	4.73234632627791e-4
1015.92520775623	4.72966615100753e-4
1016.92243767313	4.79275567001249e-4
1017.91966759003	4.7451148017233e-4
1018.91689750692	4.79889899310414e-4
1019.91412742382	4.59508521523993e-4
1020.91135734072	4.63625150281977e-4
1021.90858725762	4.80142859673011e-4
1022.90581717451	4.93272707064973e-4
1023.90304709141	4.96687671960038e-4
1024.90027700831	5.03303790015116e-4
1025.89750692521	4.85445992988893e-4
1026.8947368421	4.89942062290773e-4
1027.891966759	5.09335690089909e-4
1028.8891966759	5.05905668030403e-4
1029.8864265928	5.184211831132e-4
1030.8836565097	5.05240141362141e-4
1031.88088642659	5.07393315877107e-4
1032.87811634349	4.8924642129363e-4
1033.87534626039	4.90550371734162e-4
1034.87257617729	5.14491263194275e-4
1035.86980609418	5.06583240430218e-4
1036.86703601108	4.93504587397354e-4
1037.86426592798	5.01545113208486e-4
1038.86149584488	5.09507341764529e-4
1039.85872576177	5.07423430205988e-4
1040.85595567867	5.04722174905394e-4
1041.85318559557	4.99030566746952e-4
1042.85041551247	4.89041643857242e-4
1043.84764542936	5.04421031616587e-4
1044.84487534626	5.03246572790243e-4
1045.84210526316	5.07956453827175e-4
1046.83933518006	5.12410363068623e-4
1047.83656509695	4.88349014292987e-4
1048.83379501385	4.82389388607507e-4
1049.83102493075	4.88165316886815e-4
1050.82825484765	4.99271481377997e-4
1051.82548476454	4.90029393844527e-4
1052.82271468144	4.54762503292403e-4
1053.81994459834	4.6648300009275e-4
1054.81717451524	4.58475600043387e-4
1055.81440443214	4.82627291805664e-4
1056.81163434903	4.48595088737647e-4
1057.80886426593	4.56406745649286e-4
1058.80609418283	4.66994943683721e-4
1059.80332409973	4.53853050560208e-4
1060.80055401662	4.49519598634283e-4
1061.79778393352	4.46191965292972e-4
1062.79501385042	4.26298439634417e-4
1063.79224376732	4.72632346050178e-4
1064.78947368421	4.39018732153602e-4
1065.78670360111	4.26852543285821e-4
1066.78393351801	4.45312626889657e-4
1067.78116343491	4.34637097301468e-4
1068.7783933518	4.34227542428691e-4
1069.7756232687	4.2840945408895e-4
1070.7728531856	4.10693194408467e-4
1071.7700831025	4.15454269804497e-4
1072.76731301939	3.94633222816418e-4
1073.76454293629	3.96717134374959e-4
1074.76177285319	4.09506689850569e-4
1075.75900277009	4.10943143338176e-4
1076.75623268698	3.88818145909566e-4
1077.75346260388	3.82855508791198e-4
1078.75069252078	3.85252609370097e-4
1079.74792243768	3.55038903204146e-4
1080.74515235457	3.63380572304084e-4
1081.74238227147	3.76152059182366e-4
1082.73961218837	3.69427529543318e-4
1083.73684210527	3.80286756537679e-4
1084.73407202217	3.91076720575614e-4
1085.73130193906	3.73306255103145e-4
1086.72853185596	3.63001131760188e-4
1087.72576177286	4.18516897051658e-4
1088.72299168976	3.89718564343097e-4
1089.72022160665	3.88233927929281e-4
1090.71745152355	3.93618369933141e-4
1091.71468144045	3.80389145255873e-4
1092.71191135735	3.84713562883134e-4
1093.70914127424	3.77573455505533e-4
1094.70637119114	3.723335622803e-4
1095.70360110804	3.77465043921562e-4
1096.70083102494	3.6737072088077e-4
1097.69806094183	3.4470065409942e-4
1098.69529085873	3.3958121818971e-4
1099.69252077563	3.3553686382104e-4
1100.68975069253	3.45823918566668e-4
1101.68698060942	3.24822185605306e-4
1102.68421052632	3.3030901632736e-4
1103.68144044322	3.09355466292207e-4
1104.67867036012	3.10499810789671e-4
1105.67590027701	2.99724903916176e-4
1106.67313019391	3.13113734536511e-4
1107.67036011081	3.01911204192911e-4
1108.66759002771	2.86875119782805e-4
1109.6648199446	2.91033908601222e-4
1110.6620498615	2.55998898381479e-4
1111.6592797784	2.68680042273119e-4
1112.6565096953	2.57730472292116e-4
1113.6537396122	2.40249104376901e-4
1114.65096952909	2.54273347336618e-4
1115.64819944599	2.46121398508627e-4
1116.64542936289	2.52695356503272e-4
1117.64265927979	2.3934868594337e-4
1118.63988919668	2.38123032757928e-4
1119.63711911358	2.2648083321267e-4
1120.63434903048	2.26953628176096e-4
1121.63157894738	2.05617626164159e-4
1122.62880886427	1.99962155200374e-4
1123.62603878117	2.32527790451904e-4
1124.62326869807	2.0947527169377e-4
1125.62049861497	1.86684747596897e-4
1126.61772853186	1.89494414481462e-4
1127.61495844876	1.81616506046285e-4
1128.61218836566	1.8146894583477e-4
1129.60941828256	1.59858903430018e-4
1130.60664819945	1.86871456435957e-4
1131.60387811635	1.99748343465321e-4
1132.60110803325	1.66965885045851e-4
1133.59833795015	1.74464352937131e-4
1134.59556786704	1.86835319241301e-4
1135.59279778394	1.51562405823401e-4
1136.59002770084	1.39080016502373e-4
1137.58725761774	1.61141773840334e-4
1138.58448753464	1.47463845662745e-4
1139.58171745153	1.54101043748039e-4
1140.57894736843	1.42124575152206e-4
1141.57617728533	1.67953635033136e-4
1142.57340720223	1.40040663593666e-4
1143.57063711912	1.53038007938552e-4
1144.56786703602	1.28085275028049e-4
1145.56509695292	1.24149332243349e-4
1146.56232686982	1.44088029395224e-4
1147.55955678671	1.43118348005268e-4
1148.55678670361	1.34580935767605e-4
1149.55401662051	1.29175413733529e-4
1150.55124653741	1.30946136271711e-4
1151.5484764543	1.3586380617792e-4
1152.5457063712	1.33018002098699e-4
1153.5429362881	1.36673881624809e-4
1154.540166205	1.12362583919464e-4
1155.53739612189	1.25399076891896e-4
1156.53462603879	1.26796381751958e-4
1157.53185595569	1.21800414590659e-4
1158.52908587259	1.18024077749026e-4
1159.52631578948	1.18560112803101e-4
1160.52354570638	1.48087212270574e-4
1161.52077562328	1.47825217609312e-4
1162.51800554018	1.3511697082168e-4
1163.51523545708	1.34279792478798e-4
1164.51246537397	1.39218542415224e-4
1165.50969529087	1.45217316728249e-4
1166.50692520777	1.36845533299429e-4
1167.50415512467	1.25995340603733e-4
1168.50138504156	1.19556897089051e-4
1169.49861495846	1.30816644657524e-4
1170.49584487536	1.5199906359217e-4
1171.49307479226	1.45036630754965e-4
1172.49030470915	1.42675667370722e-4
1173.48753462605	1.2914228797176e-4
1174.48476454295	1.51556382957624e-4
1175.48199445985	1.35445217006479e-4
1176.47922437674	1.23248913809818e-4
1177.47645429364	1.34734518844896e-4
1178.47368421054	1.50821593332937e-4
1179.47091412744	1.54185363868905e-4
1180.46814404433	1.52688681723537e-4
1181.46537396123	1.45111916577166e-4
1182.46260387813	1.53128350925194e-4
1183.45983379503	1.53019939341224e-4
1184.45706371192	1.37860386182707e-4
1185.45429362882	1.39643154452441e-4
1186.45152354572	1.35815623251711e-4
1187.44875346262	1.50643918792541e-4
1188.44598337952	1.46873604816684e-4
1189.44321329641	1.46985027833542e-4
1190.44044321331	1.44334966892046e-4
1191.43767313021	1.33201699504871e-4
1192.43490304711	1.64129115265294e-4
1193.432132964	1.61096602347013e-4
1194.4293628809	1.52610384468447e-4
1195.4265927978	1.45762386080988e-4
1196.4238227147	1.60626818816475e-4
1197.42105263159	1.55636874520952e-4
1198.41828254849	1.47469868528521e-4
1199.41551246539	1.45789488976981e-4
1200.41274238229	1.53811946190785e-4
1201.40997229918	1.41787294668743e-4
1202.40720221608	1.47873400535521e-4
1203.40443213298	1.48632281623314e-4
1204.40166204988	1.42485947098774e-4
1205.39889196677	1.44075983663672e-4
1206.39612188367	1.39528720002695e-4
1207.39335180057	1.33349259716386e-4
1208.39058171747	1.29738551683597e-4
1209.38781163436	1.2682348464795e-4
1210.38504155126	1.39718440274643e-4
1211.38227146816	1.33674494468297e-4
1212.37950138506	1.3651728711463e-4
1213.37673130195	1.23456702679094e-4
1214.37396121885	1.09330071001183e-4
1215.37119113575	8.97437114972115e-5
1216.36842105265	1.10618964277275e-4
1217.36565096955	1.18831141763027e-4
1218.36288088644	1.22134683641234e-4
1219.36011080334	1.13654488628444e-4
1220.35734072024	1.22764073114839e-4
1221.35457063714	1.21050567801531e-4
1222.35180055403	1.04629224262915e-4
1223.34903047093	1.1106164491182e-4
1224.34626038783	1.04379275333205e-4
1225.34349030473	1.28377384018192e-4
1226.34072022162	1.05842831716805e-4
1227.33795013852	1.02340535267986e-4
1228.33518005542	1.01846660274343e-4
1229.33240997232	1.19023873467863e-4
1230.32963988921	1.11170056495791e-4
1231.32686980611	1.02409798224411e-4
1232.32409972301	1.04803887370422e-4
1233.32132963991	1.01611768509074e-4
1234.3185595568	1.04436492558078e-4
1235.3157894737	1.00548732699587e-4
1236.3130193906	9.713677923741e-5
1237.3102493075	1.00012697645512e-4
1238.30747922439	1.02813330231412e-4
1239.30470914129	1.04767750175766e-4
1240.30193905819	1.12642647178054e-4
1241.29916897509	1.18611307162198e-4
1242.29639889199	1.31515297087555e-4
1243.29362880888	1.40525504288644e-4
1244.29085872578	1.3801095782711e-4
1245.28808864268	1.41022390715175e-4
1246.28531855958	1.4810829230079e-4
1247.28254847647	1.49740488926121e-4
1248.27977839337	1.6217469532094e-4
1249.27700831027	1.79993343719618e-4
1250.27423822717	1.9052432452918e-4
1251.27146814406	2.20858488010654e-4
1252.26869806096	2.20433875973437e-4
1253.26592797786	2.46711639354688e-4
1254.26315789476	2.49033454111386e-4
1255.26038781165	2.78036564256335e-4
1256.25761772855	2.92976282814024e-4
1257.25484764545	3.03928864227914e-4
1258.25207756235	3.18516245137699e-4
1259.24930747924	3.38596479635313e-4
1260.24653739614	3.41062843170638e-4
1261.24376731304	3.60847957245222e-4
1262.24099722994	3.90730405793487e-4
1263.23822714683	3.88498934023431e-4
1264.23545706373	3.88020116194229e-4
1265.23268698063	4.18315131048158e-4
1266.22991689753	4.18818040340465e-4
1267.22714681443	4.11066612086587e-4
1268.22437673132	4.22627502943866e-4
1269.22160664822	4.29550787153527e-4
1270.21883656512	4.31634698712068e-4
1271.21606648202	4.46041393648568e-4
1272.21329639891	4.65609684555212e-4
1273.21052631581	4.47002040739861e-4
1274.20775623271	4.60514340108607e-4
1275.20498614961	4.58297925502991e-4
1276.2022160665	4.78266736983747e-4
1277.1994459834	4.74186245420419e-4
1278.1966759003	4.7690858075123e-4
1279.1939058172	4.77411490043537e-4
1280.19113573409	4.73580947409918e-4
1281.18836565099	4.44174305257968e-4
1282.18559556789	4.31348612587701e-4
1283.18282548479	4.00249545152659e-4
1284.18005540168	3.83219892170654e-4
1285.17728531858	3.65636135537245e-4
1286.17451523548	3.56249499225148e-4
1287.17174515238	3.68015167518816e-4
1288.16897506927	3.55379195120497e-4
1289.16620498617	3.64253887841623e-4
1290.16343490307	3.72631694136219e-4
1291.16066481997	3.82659765653474e-4
1292.15789473686	4.1078052596222e-4
1293.15512465376	4.11692990127304e-4
1294.15235457066	4.17562272826142e-4
1295.14958448756	4.33516844267108e-4
1296.14681440446	4.45508370027381e-4
1297.14404432135	4.51645670253256e-4
1298.14127423825	4.5798774791552e-4
1299.13850415515	4.52380459877944e-4
1300.13573407205	4.50727183222397e-4
1301.13296398894	4.56391688484846e-4
1302.13019390584	4.51145772393838e-4
1303.12742382274	4.54244536835656e-4
1304.12465373964	4.68322985587358e-4
1305.12188365653	4.41629644467554e-4
1306.11911357343	4.51907664914518e-4
1307.11634349033	4.52016076498488e-4
1308.11357340723	4.35034606442692e-4
1309.11080332412	4.22338405386612e-4
1310.10803324102	4.19793744596198e-4
1311.10526315792	3.99026903400105e-4
1312.10249307482	4.25461261291535e-4
1313.09972299171	4.05742398740489e-4
1314.09695290861	3.8649331971998e-4
1315.09418282551	3.69912370238297e-4
1316.09141274241	3.80937226041501e-4
1317.0886426593	3.61164157698469e-4
1318.0858725762	3.66906960216008e-4
1319.0831024931	3.51904001567671e-4
1320.08033241	3.69671455607251e-4
1321.07756232689	3.6606375900735e-4
1322.07479224379	3.51985310255648e-4
1323.07202216069	3.46432228010057e-4
1324.06925207759	3.41348929295004e-4
1325.06648199449	3.44962648760682e-4
1326.06371191138	3.27014508747817e-4
1327.06094182828	3.26794674146988e-4
1328.05817174518	3.10150484574656e-4
1329.05540166208	2.89175854509286e-4
1330.05263157897	2.80665545167616e-4
1331.04986149587	2.92289676115545e-4
1332.04709141277	2.63545549198969e-4
1333.04432132967	2.53668049326117e-4
1334.04155124656	2.75781001023175e-4
1335.03878116346	2.52406258946018e-4
1336.03601108036	2.24610733389182e-4
1337.03324099726	2.33864866654205e-4
1338.03047091415	2.03783663535328e-4
1339.02770083105	1.96267127046719e-4
1340.02493074795	2.24436070281674e-4
1341.02216066485	2.12881202290171e-4
1342.01939058174	2.01811174993645e-4
1343.01662049864	2.09824597908785e-4
1344.01385041554	1.90021415236873e-4
1345.01108033244	2.02332152883281e-4
1346.00831024933	1.78632176054213e-4
1347.00554016623	1.69453328611392e-4
1348.00277008313	1.73410351426309e-4
1349.00000000003	1.69986352232579e-4
1351	1.31948943423436e-4
1351.99676375405	1.31436999832465e-4
1352.99352750809	1.43166530931477e-4
1353.99029126214	1.63117273814904e-4
1354.98705501618	1.58895244905838e-4
1355.98381877023	1.83019833772123e-4
1356.98058252427	1.77548060214509e-4
1357.97734627832	1.75367782803551e-4
1358.97411003236	1.60274481168571e-4
1359.97087378641	1.98314901410603e-4
1360.96763754045	1.81402694311232e-4
1361.9644012945	1.64276675476809e-4
1362.96116504854	2.1127911999372e-4
1363.95792880259	2.07671423393819e-4
1364.95469255663	2.26616347692633e-4
1365.95145631068	2.0258210181299e-4
1366.94822006473	2.04515441727127e-4
1367.94498381877	2.33566734798286e-4
1368.94174757282	2.12062092544617e-4
1369.93851132686	2.31826126588985e-4
1370.93527508091	2.25231088564123e-4
1371.93203883495	1.87600223194869e-4
1372.928802589	1.82580164570465e-4
1373.92556634304	2.19659937721204e-4
1374.92233009709	2.31811069424544e-4
1375.91909385113	2.28742419311607e-4
1376.91585760518	2.28275647213957e-4
1377.91262135922	2.44772276574774e-4
1378.90938511327	2.48970214020736e-4
1379.90614886731	2.29615734849145e-4
1380.90291262136	2.43329800221391e-4
1381.89967637541	2.34750227923295e-4
1382.89644012945	2.41197705736642e-4
1383.8932038835	2.38273604402331e-4
1384.88996763754	2.30088529812572e-4
1385.88673139159	1.94854765022216e-4
1386.88349514563	2.31338274461118e-4
1387.88025889968	2.40571327695924e-4
1388.87702265372	2.33922083879078e-4
1389.87378640777	2.40417744618633e-4
1390.87055016181	2.42965416841936e-4
1391.86731391586	2.36075258394044e-4
1392.8640776699	2.11833223645124e-4
1393.86084142395	1.94987268069291e-4
1394.85760517799	2.3525614864849e-4
1395.85436893204	2.41547031951657e-4
1396.85113268609	2.0500931672077e-4
1397.84789644013	2.01377528657764e-4
1398.84466019418	2.403755845582e-4
1399.84142394822	2.49840518125387e-4
1400.83818770227	2.43380994580489e-4
1401.83495145631	2.34641816339325e-4
1402.83171521036	2.12703527749775e-4
1403.8284789644	2.24661927748279e-4
1404.82524271845	2.49930861112029e-4
1405.82200647249	2.53201277228467e-4
1406.81877022654	2.4186925527068e-4
1407.81553398058	2.61597152120391e-4
1408.81229773463	2.56492773375121e-4
1409.80906148867	2.44922848219178e-4
1410.80582524272	2.51355268868083e-4
1411.80258899677	2.57348020315332e-4
1412.79935275081	2.78524416384202e-4
1413.79611650486	2.61491751969309e-4
1414.7928802589	2.27043971162738e-4
1415.78964401295	2.42308924472337e-4
1416.78640776699	2.22912285240314e-4
1417.78317152104	1.72793007684256e-4
1418.77993527508	2.58308667406624e-4
1419.77669902913	2.83652886592576e-4
1420.77346278317	2.63367874658573e-4
1421.77022653722	2.48593784909728e-4
1422.76699029126	2.73922946931239e-4
1423.76375404531	3.03832498375496e-4
1424.76051779935	3.11939275710166e-4
1425.7572815534	3.17697135392145e-4
1426.75404530745	3.20527882306926e-4
1427.75080906149	3.05277986161767e-4
1428.74757281554	3.09596380923252e-4
1429.74433656958	3.63338412243652e-4
1430.74110032363	3.72204070666114e-4
1431.73786407767	3.66524508239224e-4
1432.73462783172	3.85626027048217e-4
1433.73139158576	3.48224030578456e-4
1434.72815533981	2.68604756450917e-4
1435.72491909385	3.39593263921263e-4
1436.7216828479	4.14062987810211e-4
1437.71844660194	4.37525061441122e-4
1438.71521035599	4.59981316487419e-4
1439.71197411003	4.5873458327176e-4
1440.70873786408	4.59553693017314e-4
1441.70550161813	4.89180169770093e-4
1442.70226537217	4.89731261988609e-4
1443.69902912622	5.04165059821102e-4
1444.69579288026	4.93588907518219e-4
1445.69255663431	4.53925324949521e-4
1446.68932038835	4.85190021193407e-4
1447.6860841424	5.53326701718756e-4
1448.68284789644	5.59316441733116e-4
1449.67961165049	5.74882538331522e-4
1450.67637540453	5.85193684540255e-4
1451.67313915858	5.9746226212623e-4
1452.66990291262	5.64737020931632e-4
1453.66666666667	5.19890762362575e-4
1454.66343042071	3.81964124656331e-4
1455.66019417476	4.26461057010373e-4
1456.65695792881	4.99897859418715e-4
1457.65372168285	5.69720942361379e-4
1458.6504854369	6.87781157305062e-4
1459.64724919094	7.2268366447773e-4
1460.64401294499	7.3351277714321e-4
1461.64077669903	7.06518292734599e-4
1462.63754045308	5.93854565526328e-4
1463.63430420712	6.6288865305232e-4
1464.63106796117	7.8278885349061e-4
1465.62783171521	8.12123221253247e-4
1466.62459546926	8.30333355927373e-4
1467.6213592233	8.23310694432406e-4
1468.61812297735	7.90874550795063e-4
1469.61488673139	6.62424892387558e-4
1470.61165048544	5.97158107404535e-4
1471.60841423949	6.26471395136956e-4
1472.60517799353	7.87706523396819e-4
1473.60194174758	7.89853675046009e-4
1474.59870550162	7.52289061200292e-4
1475.59546925567	8.89375509130766e-4
1476.59223300971	9.51314660772478e-4
1477.58899676376	9.57837424408026e-4
1478.5857605178	9.27557466718537e-4
1479.58252427185	9.17041543073416e-4
1480.57928802589	9.76282450847421e-4
1481.57605177994	9.83943536114657e-4
1482.57281553398	9.90975231908288e-4
1483.56957928803	9.88511879805851e-4
1484.56634304207	9.23976873014628e-4
1485.56310679612	8.52943194050962e-4
1486.55987055017	8.80368313362565e-4
1487.55663430421	7.80162884012218e-4
1488.55339805826	7.60784313377522e-4
1489.5501618123	8.87815586894749e-4
1490.54692556635	9.94073996350106e-4
1491.54368932039	9.68199764975856e-4
1492.54045307444	9.54976563164365e-4
1493.53721682848	8.54849431069106e-4
1494.53398058253	7.33630223025844e-4
1495.53074433657	8.53129902890021e-4
1496.52750809062	8.22217544294039e-4
1497.52427184466	8.05961829564267e-4
1498.52103559871	8.88752142522937e-4
1499.51779935275	8.79696763828527e-4
1500.5145631068	8.90598150883321e-4
1501.51132686085	8.96479479313711e-4
1502.50809061489	8.27930232482698e-4
1503.50485436894	6.28693832608347e-4
1504.50161812298	5.2971706787633e-4
1505.49838187703	4.07642612892857e-4
1506.49514563107	5.15280258610948e-4
1507.49190938512	6.18984972977227e-4
1508.48867313916	6.82721950053113e-4
1509.48543689321	7.26761144608169e-4
1510.48220064725	7.16973987721959e-4
1511.4789644013	7.25216279536592e-4
1512.47572815534	7.67819020604041e-4
1513.47249190939	7.25583674348936e-4
1514.46925566343	7.06364709657308e-4
1515.46601941748	5.62550720654897e-4
1516.46278317153	6.28413769349757e-4
1517.45954692557	7.86405584389175e-4
1518.45631067962	7.04554838491581e-4
1519.45307443366	5.47960328312225e-4
1520.44983818771	5.20619529121487e-4
1521.44660194175	6.18319446308965e-4
1522.4433656958	7.21867566165064e-4
1523.44012944984	6.47424945172109e-4
1524.43689320389	5.98245234677126e-4
1525.43365695793	6.72796267254052e-4
1526.43042071198	6.34493852350759e-4
1527.42718446602	6.26113034623276e-4
1528.42394822007	6.87082504875031e-4
1529.42071197411	6.60946278839518e-4
1530.41747572816	6.08216088969508e-4
1531.41423948221	5.3074396649116e-4
1532.41100323625	5.15093549771888e-4
1533.4077669903	6.25652285391402e-4
1534.40453074434	6.64072146177329e-4
1535.40129449839	6.48319340739864e-4
1536.39805825243	5.33830685201426e-4
1537.39482200648	3.72932837425025e-4
1538.39158576052	3.98466776882924e-4
1539.38834951457	5.28852786637455e-4
1540.38511326861	5.13515558938543e-4
1541.38187702266	6.26212411908582e-4
1542.3786407767	7.47410539921628e-4
1543.37540453075	7.26366646899833e-4
1544.37216828479	8.17080039787001e-4
1545.36893203884	9.62011270390883e-4
1546.36569579289	9.73484829694409e-4
1547.36245954693	9.39241826324227e-4
1548.35922330098	8.28369901684355e-4
1549.35598705502	8.9727449759616e-4
1550.35275080907	9.80254530826778e-4
1551.34951456311	9.46806545739045e-4
1552.34627831716	7.9685525651076e-4
1553.3430420712	7.76772010580257e-4
1554.33980582525	9.05327069138844e-4
1555.33656957929	7.2998036636551e-4
1556.33333333334	4.54738411829299e-4
1557.33009708738	4.96549146047187e-4
1558.32686084143	4.64781540510994e-4
1559.32362459547	7.93849846488471e-4
1560.32038834952	0.00106472823476988
1561.31715210357	0.00111691937815292
1562.31391585761	0.00104202203079387
1563.31067961166	9.89674292900644e-4
1564.3074433657	0.00114317606150396
1565.30420711975	0.00115142738761726
1566.30097087379	0.00110192244237036
1567.29773462784	8.82385973397569e-4
1568.29449838188	9.03255203311856e-4
1569.29126213593	0.00117671740101122
1570.28802588997	0.00120565124819975
1571.28478964402	0.00122785454288345
1572.28155339806	0.0012058891513979
1573.27831715211	0.00109832679150201
1574.27508090615	8.13607857667062e-4
1575.2718446602	0.00101558165003666
1576.26860841425	0.00122421673195466
1577.26537216829	0.00125524352500039
1578.26213592234	0.001264374189517
1579.25889967638	0.00127148117113284
1580.25566343043	0.00126504573905104
1581.25242718447	0.0012605406354505
1582.24919093852	0.0012538793459021
1583.24595469256	0.00127012602633321
1584.24271844661	0.00126111280769923
1585.23948220065	0.0012795126626453
1586.2362459547	0.00126953879692003
1587.23300970874	0.0012549634617418
1588.22977346279	0.00125377695718391
1589.22653721683	0.00125438526662729
1590.22330097088	0.00127208948057623
1591.22006472493	0.00124554068823505
1592.21682847897	0.00122113302467729
1593.21359223302	0.00118961837950369
1594.21035598706	0.00125780926582102
1595.20711974111	0.00127810632348658
1596.20388349515	0.00129035382104234
1597.2006472492	0.0012698007915813
1598.19741100324	0.0012594294167148
1599.19417475729	0.00123647326380909
1600.19093851133	0.00123264272117547
1601.18770226538	0.00120796402865778
1602.18446601942	0.00121944963369286
1603.18122977347	0.00124002976604989
1604.17799352751	0.00123271499556478
1605.17475728156	0.00117616028592693
1606.17152103561	0.00120686485565364
1607.16828478965	0.00114887369252818
1608.1650485437	0.00114742218187613
1609.16181229774	0.00118101471574249
1610.15857605179	0.00119326221329825
1611.15533980583	0.00115990155976427
1612.15210355988	0.00114724751876862
1613.14886731392	0.00108719954698061
1614.14563106797	9.62556339743623e-4
1615.14239482201	6.75639059900385e-4
1616.13915857606	9.77652652811491e-4
1617.1359223301	0.0010881120111457
1618.13268608415	0.0010824354601517
1619.12944983819	0.00103296062923368
1620.12621359224	0.00101631945109424
1621.12297734629	8.80166547359065e-4
1622.11974110033	8.51922318301908e-4
1623.11650485438	9.45222532039923e-4
1624.11326860842	9.9105051773049e-4
1625.11003236247	9.54627236949349e-4
1626.10679611651	7.1748593131293e-4
1627.10355987056	7.28887216227143e-4
1628.1003236246	8.87135003062046e-4
1629.09708737865	8.9214000452201e-4
1630.09385113269	8.92712176770742e-4
1631.09061488674	8.53042571336268e-4
1632.08737864078	8.26864185240323e-4
1633.08414239483	7.12348426805892e-4
1634.08090614887	4.85960948012752e-4
1635.07766990292	4.88210488380136e-4
1636.07443365696	6.67746094300768e-4
1637.07119741101	6.66086794779445e-4
1638.06796116506	7.00865833203702e-4
1639.0647249191	6.83914477476787e-4
1640.06148867315	6.64707558516711e-4
1641.05825242719	6.29958634421334e-4
1642.05501618124	6.3816478904131e-4
1643.05177993528	5.56901272556888e-4
1644.04854368933	4.3547427564435e-4
1645.04530744337	3.90272667994501e-4
1646.04207119742	3.86204222162726e-4
1647.03883495146	4.50019496493702e-4
1648.03559870551	4.99277504243773e-4
1649.03236245955	4.45418027040739e-4
1650.0291262136	2.98276404697017e-4
1651.02588996765	2.44474144718856e-4
1652.02265372169	2.61172540083174e-4
1653.01941747574	3.63678704160003e-4
1654.01618122978	4.42635463052167e-4
1655.01294498383	4.5095605212189e-4
1656.00970873787	4.50898834897016e-4
1657.00647249192	4.26629697252104e-4
1658.00323624596	4.22931657665561e-4
1659.00000000001	4.19850961821071e-4
1661	4.98557771783526e-4
1662	4.67085286670363e-4
1663	6.42874670078243e-4
1664	6.6671618425305e-4
1665	6.72714958566075e-4
1666	6.80074900544504e-4
1667	6.01696336766848e-4
1668	4.72307111298267e-4
1669	5.00997032422858e-4
1670	6.46229406315547e-4
1671	6.17494313697635e-4
1672	7.86420641553616e-4
1673	7.87992609521185e-4
1674	4.30677063053663e-4
1675	4.66208959699936e-4
1676	8.7262893084024e-4
1677	8.72481370628724e-4
1678	8.79796141113833e-4
1679	7.33335102602814e-4
1680	8.27201465723786e-4
1681	8.68897765491927e-4
1682	7.26005274953265e-4
1683	3.97171860741057e-4
1684	4.97536896034472e-4
1685	7.17446782685385e-4
1686	9.64878154500321e-4
1687	8.87237391780241e-4
1688	9.68281073663834e-4
1689	9.46014538889484e-4
1690	9.96642748603626e-4
1691	0.00106163850462672
1692	0.00106269551757043
1693	0.00107512068966659
1694	9.71464158226518e-4
1695	5.23191292807894e-4
1696	7.52228832542531e-4
1697	0.00104433782268479
1698	8.52907056856305e-4
1699	5.55326293156431e-4
1700	5.73882742612684e-4
1701	8.99951661433649e-4
1702	0.0011259325967869
1703	9.53461812421668e-4
1704	9.15641226780465e-4
1705	9.40130199026206e-4
1706	0.00102696486635355
1707	0.00116322618167269
1708	0.00119774623686858
1709	0.00112940779033973
1710	0.00115919688446846
1711	0.0012389667302404
1712	0.00121463435250484
1713	0.00108074002343572
1714	9.28834314263076e-4
1715	9.7614392493457e-4
1716	7.9855069322674e-4
1717	7.06171977952472e-4
1718	8.94856316987044e-4
1719	0.00121249021228854
1720	0.00122563812827783
1721	0.00121676644698959
1722	0.00117278446965941
1723	0.00116563833941603
1724	0.00121288470999688
1725	0.00121016237466607
1726	0.00118446581783221
1727	0.00117998179426188
1728	0.00116843897200193
1729	8.97539503690309e-4
1730	0.00107213033680874
1731	0.00109561951333564
1732	9.87168780737775e-4
1733	6.56546575390056e-4
1734	7.19596945767463e-4
1735	0.00105762125315404
1736	0.00107942703869652
1737	0.00104086262913197
1738	0.00105157429591481
1739	7.42896402022419e-4
1740	0.00102528147536912
1741	0.00107020603119327
1742	0.00100699906630568
1743	9.19510918041628e-4
1744	0.00105111655811583
1745	0.00108506444106298
1746	9.98452619769352e-4
1747	9.92764023043798e-4
1748	9.43256066364017e-4
1749	0.00105665157176409
1750	7.62235824029569e-4
1751	0.00104172691037084
1752	0.00128303302769145
1753	0.00127631452091818
1754	0.00130730216533636
1755	0.00132237137550824
1756	0.00119820999753334
1757	0.00134303582798614
1758	0.00138312703402494
1759	0.00136594680939853
1760	0.00134940801997728
1761	0.00103094598063157
1762	0.00136476030484064
1763	0.00136769042904072
1764	0.00136761514321852
1765	0.00141294925391544
1766	0.00138537958582521
1767	9.93534949863143e-4
1768	0.00123531085071429
1769	0.00129357906566545
1770	0.00113606907988813
1771	9.64104216248088e-4
1772	9.1037423065924e-4
1773	0.00124024056635205
1774	0.00118418274314073
1775	0.00112200869973375
1776	0.0012450227217783
1777	0.00121253839521475
1778	0.00118110204729624
1779	0.00109762512763909
1780	0.00103317142953585
1781	0.00113445796329301
1782	0.00116659898650732
1783	0.00113046781471633
1784	0.00106347849012133
1785	0.00102387814764328
1786	0.00107674987485903
1787	0.00105814825390946
1788	0.00104130229833362
1789	9.94098087813211e-4
1790	8.54177881535068e-4
1791	8.47338917446273e-4
1792	7.30832601872832e-4
1793	8.62709270906955e-4
1794	9.74105184869351e-4
1795	8.98482082184274e-4
1796	8.88402816307922e-4
1797	9.38347430756472e-4
1798	8.32832845224467e-4
1799	7.479977693348e-4
1800	8.27635112059667e-4
1801	7.81349388570115e-4
1802	7.95165842660555e-4
1803	8.24403844570774e-4
1804	8.74191864509145e-4
1805	8.54096572847091e-4
1806	8.36862142428697e-4
1807	8.15709837822932e-4
1808	8.25942686776575e-4
1809	7.18335155387365e-4
1810	6.59461642425703e-4
1811	7.39583825845548e-4
1812	7.24330918267501e-4
1813	7.46943767823978e-4
1814	7.4138466271261e-4
1815	7.26279315346079e-4
1816	7.04895130407932e-4
1817	6.64039020415561e-4
1818	6.55357059399271e-4
1819	6.65996451792803e-4
1820	6.52785295712864e-4
1821	6.19776979826788e-4
1822	5.84425769153798e-4
1823	5.95119367339315e-4
1824	5.65218850193723e-4
1825	4.47399549881085e-4
1826	5.07811905048548e-4
1827	5.35336401645458e-4
1828	5.05068489687521e-4
1829	4.28069162172599e-4
1830	4.09871073230025e-4
1831	4.74126016762658e-4
1832	4.45026540765291e-4
1833	4.43192578136459e-4
1834	4.04390265373748e-4
1835	3.91356783834204e-4
1836	3.74477702496602e-4
1837	3.68683705619966e-4
1838	3.6290476590777e-4
1839	3.69358266586893e-4
1840	3.38183913329648e-4
1841	3.14312284825961e-4
1842	2.92855825498501e-4
1843	2.52135229986092e-4
1844	2.17271871440969e-4
1845	2.70504970603286e-4
1846	2.76311013211474e-4
1847	2.51490783348046e-4
1848	2.43932086799004e-4
1849	2.29073676929294e-4
1850	2.42354095965658e-4
1851	2.0518096839539e-4
1852	2.15392737318817e-4
1853	2.01058316771629e-4
1854	1.79089913853199e-4
1855	1.79294691289587e-4
1856	1.76373601388164e-4
1857	1.69338894161646e-4
1858	1.62674593180359e-4
1859	1.65938986431021e-4
1860	1.58976553593815e-4
1861	1.63243753996203e-4
1862	1.44431332744464e-4
1863	1.50547552940123e-4
1864	1.29476557022335e-4
1865	1.16307561002829e-4
1866	1.23486817007975e-4
1867	1.13735797316422e-4
1868	8.77380971937605e-5
1869	7.77521857369385e-5
1870	8.91896078458076e-5
1871	1.13377436802742e-4
1872	8.88553387952325e-5
1873	9.37097686107925e-5
1874	8.92167107418002e-5
1875	8.20916605286395e-5
1876	8.55457740512495e-5
1877	6.59323116512852e-5
1878	7.08138443628378e-5
1879	6.9795980046672e-5
1880	7.60296461249656e-5
1881	6.34207766226393e-5
1882	6.10507789397325e-5
1883	5.68347728964422e-5
1884	5.78345686152796e-5
1885	4.7168073325755e-5
1886	5.19803430808821e-5
1887	4.04736580155875e-5
1888	3.52006390285865e-5
1889	3.46164210483019e-5
1890	3.37431055107632e-5
