Wavenumber (cm^-1)	Intensity profile for Laser = Block Engineering LaserTune LT-OEM [Q0252] - Block Engineering LaserTune LT-OEM [Q0252]: PiF (V)
770	2.80469802029891e-5
771	1.91165759734337e-5
772	2.04416064441821e-5
773	1.01123916381207e-5
774	2.03843892193089e-5
775	1.63867120604032e-5
776	2.25616551973796e-5
777	2.32045961189814e-5
778	2.45597409186104e-5
779	9.5597937031609e-6
780	3.751341948662e-5
781	2.94578365110474e-5
782	2.99321371909175e-5
783	2.60278144515419e-5
784	2.84761093895383e-5
785	2.03979406673052e-5
786	1.46144838057772e-5
787	2.24351750160809e-5
788	2.77187340181901e-5
789	2.21084345477259e-5
790	2.49241242980662e-5
791	1.88380184312878e-5
792	1.04602121366922e-5
793	3.4663098258067e-5
794	1.85173008287089e-5
795	1.64032749412876e-5
796	1.33782906052267e-5
797	2.05334551472681e-5
798	2.22469604605768e-5
799	2.57326940285115e-5
800	3.41089946066631e-5
801	1.90729101965568e-5
802	2.98101741589509e-5
803	4.44201408153961e-5
804	2.97469340683016e-5
805	3.55725509902624e-5
806	4.01393889650123e-5
807	3.39734801267002e-5
808	3.63585349740473e-5
809	5.36245854377654e-5
810	3.4664603974511e-5
811	4.07205955124088e-5
812	5.50459817609318e-5
813	4.21946919111164e-5
814	4.58731571838872e-5
815	3.34886394317218e-5
816	2.48473327594206e-5
817	4.16285425281602e-5
818	6.6578264005775e-5
819	3.10418502101693e-5
820	3.26860925670526e-5
821	2.9859862801604e-5
822	4.64980295081606e-5
823	4.29355044015803e-5
824	3.3264287681561e-5
825	2.72067904272191e-5
826	4.8706915531556e-5
827	4.08817071719202e-5
828	4.27984842051733e-5
829	4.83003720916672e-5
830	4.10608874287601e-5
831	3.49838158606458e-5
832	5.2675984078025e-5
833	3.86728211485249e-5
834	6.22116863180814e-5
835	3.44824122847831e-5
836	5.40416688927623e-5
837	5.65803068174007e-5
838	4.1292767761141e-5
839	5.01237947053903e-5
840	5.17845999431579e-5
841	8.0950327464063e-5
842	4.13891336135591e-5
843	4.34760566049878e-5
844	4.72192676848521e-5
845	5.0530338145279e-5
846	6.38438829434124e-5
847	4.15773481690631e-5
848	5.83329607582543e-5
849	5.35312310182354e-5
850	5.44135808544383e-5
851	5.63905865454526e-5
852	7.48054986559674e-5
853	6.66415040964244e-5
854	5.54329508870481e-5
855	6.00238803249025e-5
856	7.40661918819475e-5
857	5.94697766734987e-5
858	6.27552499543771e-5
859	6.43227007726147e-5
860	8.57339886067536e-5
861	5.93176993126514e-5
862	7.78877002169014e-5
863	5.36787912297505e-5
864	7.30272475355652e-5
865	8.11144505564626e-5
866	8.09638789120593e-5
867	7.7029441843803e-5
868	7.66424727176867e-5
869	8.07395271618985e-5
870	7.91359391490042e-5
871	7.44335866942914e-5
872	6.07737271140306e-5
873	7.88844845028508e-5
874	7.17744914541304e-5
875	7.66379555683546e-5
876	9.05989584374218e-5
877	6.59820002939382e-5
878	5.77653056588541e-5
879	7.66349441354666e-5
880	7.29625017284718e-5
881	6.40065003193679e-5
882	6.8677232728756e-5
883	5.68197157320018e-5
884	9.60556748305948e-5
885	6.51237419208398e-5
886	6.84814895910318e-5
887	5.80453689174441e-5
888	6.17644885342038e-5
889	6.79590059849526e-5
890	7.05488382686881e-5
891	9.03384694926043e-5
892	7.14477509857754e-5
893	7.93316822867284e-5
894	6.48722872746864e-5
895	8.50699676549354e-5
896	8.04910839486332e-5
897	8.80437576318991e-5
898	9.84994526192592e-5
899	8.83915781304705e-5
900	9.5037810514429e-5
901	7.86797070664624e-5
902	7.51427791394306e-5
903	8.83283380398212e-5
904	7.87760729188805e-5
905	8.50639447891592e-5
906	6.35758654163746e-5
907	7.12264106685026e-5
908	7.65957955079217e-5
909	8.6921998881095e-5
910	9.08157816053625e-5
911	8.93748109684236e-5
912	7.51036305118857e-5
913	9.87749987285171e-5
914	6.04319294812353e-5
915	7.41098576588244e-5
916	7.36174883816259e-5
917	7.95695854848855e-5
918	7.32515992857261e-5
919	6.67619614119469e-5
920	7.13574079991335e-5
921	4.63098149526566e-5
922	6.20460575092379e-5
923	7.69586731709335e-5
924	7.67734700483175e-5
925	6.23712922611488e-5
926	7.21494148486944e-5
927	8.15345454443476e-5
928	6.59097259046247e-5
929	8.67593815051396e-5
930	7.92292935685342e-5
931	7.56517112975135e-5
932	6.52984050283476e-5
933	8.89321303338781e-5
934	8.25765012236179e-5
935	7.86782013500184e-5
936	6.43227007726147e-5
937	5.09669959140484e-5
938	6.84167437839384e-5
939	4.52151590978451e-5
940	8.12710450666419e-5
941	5.69431844804125e-5
942	7.89100816823993e-5
943	4.16993112010298e-5
944	7.18768801723246e-5
945	5.68423014786623e-5
946	6.04394580634554e-5
947	5.15286281476724e-5
948	4.56412768515063e-5
949	5.56919341154217e-5
950	8.24199067134385e-5
951	6.93804023081191e-5
952	4.10789560260885e-5
953	5.27603041988908e-5
954	5.71449504839128e-5
955	5.89036272905425e-5
956	6.51433162346122e-5
957	5.56437511892127e-5
958	2.88179070223337e-5
959	4.01740204432251e-5
960	5.61541890637396e-5
961	5.18704257804678e-5
962	5.83269378924781e-5
963	5.22333034434796e-5
964	4.83154292561076e-5
965	5.42840892402515e-5
966	6.01744519693057e-5
967	5.36757797968625e-5
968	4.48056042250683e-5
969	6.57486142451132e-5
970	6.14091394534122e-5
971	3.94301965198731e-5
972	5.20902603812965e-5
973	3.75781652937134e-5
974	3.53602449716539e-5
975	2.61768803795011e-5
976	5.57054855634179e-5
977	6.02873807026082e-5
978	1.54260649691106e-5
979	4.2176623313788e-5
980	3.48919671575599e-5
981	4.60056602309621e-5
982	3.77031397585681e-5
983	5.34092679862687e-5
985	3.84831008765768e-5
986	3.9424173654097e-5
987	2.58335770302617e-5
988	4.14885108988652e-5
989	3.10328159115051e-5
990	4.36492139960516e-5
991	1.87326182802055e-5
992	4.40557574359403e-5
993	4.11256332358535e-5
994	3.68734899979063e-5
995	1.90894730774412e-5
996	3.83897464570468e-5
997	5.29304501570665e-5
998	2.69011299890806e-5
999	5.36787912297505e-5
1000	3.24542122346716e-5
1001	3.6016737341252e-5
1002	1.8801881236631e-5
1003	3.48754042766755e-5
1004	4.23241835253032e-5
1005	5.39949916829973e-5
1006	4.55223252524277e-5
1007	6.07029584411611e-5
1008	4.44743466073813e-5
1009	4.78863000695584e-5
1010	4.15728310197311e-5
1011	3.7466742276855e-5
1012	2.87170240205835e-5
1013	5.59343544629109e-5
1014	4.16782311708133e-5
1015	4.51745047538563e-5
1016	4.40768374661567e-5
1017	4.06949983328602e-5
1018	5.28416128868686e-5
1019	4.41506175719143e-5
1020	3.09123585959826e-5
1021	3.31558760975906e-5
1022	3.22765376942758e-5
1023	6.92629564254846e-5
1024	5.55503967696826e-5
1025	5.12440477397503e-5
1026	3.56523539617962e-5
1027	3.08159927435645e-5
1028	4.33781850361258e-5
1029	5.33369935969552e-5
1030	5.09730187798245e-5
1031	7.04298866696096e-5
1032	4.23121377937509e-5
1033	3.27342754932616e-5
1034	4.20561659982654e-5
1035	5.56738655180933e-5
1036	3.17826627006332e-5
1037	4.35648938751857e-5
1038	5.0947421600276e-5
1039	3.7560096696385e-5
1040	5.08028728216489e-5
1041	5.13163221290639e-5
1042	4.44758523238253e-5
1043	2.15136765523331e-5
1044	3.02829691223771e-5
1045	3.08837499835459e-5
1046	3.83340349486176e-5
1047	4.34549765747714e-5
1048	3.13279363345355e-5
1049	3.56553653946842e-5
1050	4.30258473882222e-5
1051	2.42495633311398e-5
1052	4.04164407907143e-5
1053	4.01077689196876e-5
1054	2.24502321805212e-5
1055	2.92816676870956e-5
1056	5.77095941504249e-5
1057	4.05956210475541e-5
1058	5.26052154051555e-5
1059	4.25063752150311e-5
1060	3.91772361572757e-5
1061	4.20079830720564e-5
1062	3.23036405902684e-5
1063	3.60122201919199e-5
1064	2.76344138973243e-5
1065	5.35387596004555e-5
1066	2.76509767782087e-5
1067	1.56714967494879e-5
1068	4.64754437615001e-5
1069	3.24165693235708e-5
1070	4.07205955124088e-5
1071	1.5584165195734e-5
1072	2.76253795986601e-5
1073	1.86482981593397e-5
1074	2.54420907548133e-5
1075	3.86080753414315e-5
1076	1.24327006783745e-5
1077	4.02101576378819e-5
1078	3.65663238433237e-5
1079	3.61311717909984e-5
1080	2.06072352530257e-5
1081	2.91988532826738e-5
1082	2.9158198938685e-5
1083	1.70597673108857e-5
1084	1.82492833016711e-5
1085	1.30515501368717e-5
1086	1.98317912843491e-5
1087	2.03723434877567e-5
1088	2.33325820167241e-5
1089	3.11457446448076e-5
1090	2.43158148546772e-5
1091	2.10649730520115e-5
1092	1.83185462580966e-5
1093	1.82206746892345e-5
1094	1.75777337676328e-5
1095	2.26715724977939e-5
1096	1.15473394092835e-5
1097	3.10207701799529e-5
1098	2.06403610147944e-5
1099	2.57673255067243e-5
1100	3.80615002722478e-5
1101	1.26555467120913e-5
1102	3.67485155330516e-5
1103	2.31759875065447e-5
1104	2.6035343033762e-5
1105	1.24071034988259e-5
1106	2.68860728246403e-5
1107	2.8367697805568e-5
1108	3.8585489594771e-5
1109	9.57635658404525e-6
1110	1.53613191620172e-5
1111	2.11131559782205e-5
1112	4.89357844310489e-5
1113	2.46244867257038e-5
1114	2.33867878087093e-5
1115	4.36477082796075e-5
1116	2.54857565316903e-5
1117	1.71395702824194e-5
1118	3.03130834512577e-5
1119	1.8710032533545e-5
1120	2.63861749652215e-5
1121	2.98432999207197e-5
1122	2.83857664028964e-5
1123	2.26625381991297e-5
1124	3.00495830735521e-5
1125	3.76022567568179e-5
1126	2.11974760990863e-5
1127	2.84203978811091e-5
1128	2.84730979566503e-5
1129	2.6547286624733e-5
1130	3.99888173206091e-5
1131	5.76252740295591e-5
1132	2.053044371438e-5
1133	3.04711836778811e-5
1134	2.45988895461552e-5
1135	3.4107488890219e-5
1136	5.45611410659535e-5
1137	3.42520376688461e-5
1138	3.84108264872633e-5
1139	4.37982799240107e-5
1140	3.01113174477574e-5
1141	2.74657736555927e-5
1142	3.91576618435033e-5
1143	3.00134458788953e-5
1144	1.95321537119866e-5
1145	2.83496292082396e-5
1146	3.83867350241588e-5
1147	5.09835587949327e-5
1148	3.39343314991553e-5
1149	2.90392473396064e-5
1150	1.98724456283379e-5
1151	5.52236563013276e-5
1152	4.46896640588779e-5
1153	2.81704489513998e-5
1154	2.90016044285056e-5
1155	4.85066552444997e-5
1156	1.26690981600875e-5
1157	4.13018020598052e-5
1158	2.56784882365264e-5
1159	4.63248721170969e-5
1160	4.21977033440045e-5
1161	2.43384006013377e-5
1162	3.77648741327734e-5
1163	4.06001381968862e-5
1164	3.04094493036758e-5
1165	2.39619714903296e-5
1166	2.20391715913004e-5
1167	4.98889029401213e-5
1168	3.98006027651051e-5
1169	4.5162459022304e-5
1170	3.60619088345729e-5
1171	5.46379326045991e-5
1172	4.15547624224027e-5
1173	3.12917991398787e-5
1174	6.01789691186378e-5
1175	2.59239200169036e-5
1176	2.88645842320987e-5
1177	4.23452635555196e-5
1178	5.50941646871409e-5
1179	4.35242395311969e-5
1180	4.94718194851244e-5
1181	3.39478829471516e-5
1182	3.1401716440293e-5
1183	3.79952487487104e-5
1184	5.26503868984765e-5
1185	5.41696547905051e-5
1186	3.48302327833545e-5
1187	4.00565745605906e-5
1188	1.959689951908e-5
1189	2.68710156601999e-5
1190	2.93885735546219e-5
1191	4.74240451212405e-5
1192	3.64052121838123e-5
1193	3.60137259083639e-5
1194	2.44287435879796e-5
1195	3.24195807564589e-5
1196	4.87641327564292e-5
1197	3.78175742083146e-5
1198	3.70210502094215e-5
1199	3.8678844014301e-5
1200	3.67214126370591e-5
1201	3.32959077268856e-5
1202	4.42334319763361e-5
1203	2.939158498751e-5
1204	5.03541693213273e-5
1205	6.57907743055461e-5
1206	4.44050836509558e-5
1207	3.56116996178073e-5
1208	1.93213534098221e-5
1209	3.11306874803672e-5
1210	3.35428452237069e-5
1211	1.38616255837611e-5
1212	4.93558793189339e-5
1213	3.65738524255439e-5
1214	4.7119890399546e-5
1215	3.48136699024702e-5
1216	3.10523902252776e-5
1217	2.4309791988901e-5
1218	2.35117622735639e-5
1219	4.34308851116669e-5
1220	2.89835358311772e-5
1221	4.06106782119944e-5
1222	5.04113865462005e-5
1223	5.72623963665473e-5
1224	4.3111673225532e-5
1225	3.63660635562675e-5
1226	2.39905801027662e-5
1227	1.99944086603046e-5
1228	4.02387662503185e-5
1229	2.83767321042322e-5
1230	1.54350992677748e-5
1231	1.58732627529882e-5
1232	3.39524000964837e-5
1233	3.21048860196561e-5
1234	1.86498038757837e-5
1235	3.90658131404173e-5
1236	2.54586536356977e-5
1237	2.42209547187031e-5
1238	2.86311981832737e-5
1239	2.63906921145536e-5
1240	2.54059535601565e-5
1241	3.27613783892542e-5
1242	4.50645874534419e-5
1243	3.85177323547896e-5
1244	2.91326017591364e-5
1245	2.98192084576151e-5
1246	2.62371090372623e-5
1247	2.63033605607998e-5
1248	2.75546109257906e-5
1249	1.65086750923698e-5
1250	3.33531249517589e-5
1251	5.01237947053903e-5
1252	6.29494873756572e-5
1253	5.78451086303878e-5
1254	5.27738556468871e-5
1255	5.28220385730962e-5
1256	3.82316462304234e-5
1257	7.86541098869138e-5
1258	5.74460937727193e-5
1259	8.72246478863455e-5
1260	8.64793182465495e-5
1261	8.230095511436e-5
1262	5.43819608091136e-5
1263	7.76979799449533e-5
1264	7.66680698972353e-5
1265	7.12113535040623e-5
1266	7.9128410566784e-5
1267	8.76086055795738e-5
1268	8.89652560956469e-5
1269	7.7681417064069e-5
1270	8.66584985033894e-5
1271	7.78907116497895e-5
1272	7.87941415162088e-5
1273	7.31748077470804e-5
1274	7.43492665734256e-5
1275	8.43125922835871e-5
1276	7.7914803112894e-5
1277	8.59462946253621e-5
1278	7.00986290519225e-5
1279	7.27020127836543e-5
1280	1.00158752140583e-4
1281	7.41520177192573e-5
1282	9.62740037149795e-5
1283	8.62384036155044e-5
1284	9.21408120761109e-5
1285	7.82370264319169e-5
1286	5.14382851610305e-5
1287	8.63483209159187e-5
1288	1.00819761659513e-4
1289	7.90425847294741e-5
1290	8.29047474084169e-5
1291	7.07927643326213e-5
1292	9.58990803204154e-5
1293	8.70635362268341e-5
1294	8.79654603768094e-5
1295	8.56044969925668e-5
1296	8.7482125398275e-5
1297	1.01099824918103e-4
1298	8.67849786846881e-5
1299	8.80573090798954e-5
1300	5.71238704536964e-5
1301	7.76016140925353e-5
1302	7.68683301842915e-5
1303	6.91816477375068e-5
1304	6.877209286473e-5
1305	7.09749560223493e-5
1306	6.94918253249774e-5
1307	6.84318009483787e-5
1308	7.24806724663815e-5
1309	6.886544728426e-5
1310	6.9330713665466e-5
1311	7.09598988579089e-5
1312	6.597146027883e-5
1313	5.52778620933128e-5
1314	6.49791931422127e-5
1315	5.93402850593119e-5
1316	4.66982897952169e-5
1317	4.56683797474988e-5
1318	5.9581199690357e-5
1319	6.15777796951438e-5
1320	5.33520507613955e-5
1321	5.13298735770602e-5
1322	2.49918815380477e-5
1323	6.09047244446614e-5
1324	4.77492798731514e-5
1325	5.53531479155144e-5
1326	5.52537706302083e-5
1327	5.05980953852605e-5
1328	4.01770318761131e-5
1329	5.78375800481677e-5
1330	6.68432700999247e-5
1331	5.58967115518101e-5
1332	4.78004742322485e-5
1333	3.77061511914562e-5
1334	7.23602151508589e-5
1335	3.97659712868923e-5
1336	5.67956242688973e-5
1337	5.91174390255951e-5
1338	3.49762872784257e-5
1339	5.79746002445746e-5
1340	2.61663403643928e-5
1341	5.50128559991631e-5
1342	2.30841388034588e-5
1343	4.87249841288844e-5
1344	4.73035878057179e-5
1345	2.84414779113256e-5
1346	4.65115809561569e-5
1347	5.2719649854902e-5
1349	2.58983228373551e-5
1350	3.08159927435645e-5
1351	2.80560145016533e-5
1352	3.2007014450794e-5
1353	2.03241605615476e-5
1354	2.1832888438468e-5
1355	2.05891666556973e-5
1356	2.32874105234031e-5
1357	1.90653816143366e-5
1358	1.51956903531737e-5
1359	3.04952751409856e-5
1360	2.5801956984937e-5
1361	3.52518333876836e-5
1362	1.74361964218937e-5
1363	3.4709775467832e-5
1364	2.49994101202678e-5
1365	4.43614178740788e-5
1366	2.8552900928184e-5
1367	3.47353726473805e-5
1368	5.13629993388289e-5
1369	2.71826989641146e-5
1370	3.46706268402871e-5
1371	3.88700700026931e-5
1372	2.20421830241884e-5
1373	3.40472602324578e-5
1374	3.75073966208439e-5
1375	3.33666763997552e-5
1376	5.04972123835103e-5
1377	3.02739348237129e-5
1378	4.21751175973439e-5
1379	7.47527985804262e-5
1380	3.6156768970547e-5
1381	2.61979604097175e-5
1382	5.01313232876105e-5
1383	3.51509503859334e-5
1384	4.90893675083402e-5
1385	5.13750450703811e-5
1386	7.20440146976122e-5
1387	5.45852325290579e-5
1388	4.27984842051733e-5
1389	4.02749034449752e-5
1390	4.31387761215246e-5
1391	5.32436391774252e-5
1392	4.53250763982595e-5
1393	5.25284238665099e-5
1394	2.61844089617212e-5
1395	2.75184737311338e-5
1396	4.94432108726877e-5
1397	2.99366543402496e-5
1398	3.58435799501883e-5
1399	3.20838059894397e-5
1400	2.07487725987647e-5
1401	3.28728014061126e-5
1402	3.5879717144845e-5
1403	5.09534444660521e-5
1404	4.09795787407823e-5
1405	2.53442191859512e-5
1406	2.29636814879362e-5
1407	4.67419555720938e-5
1408	3.51358932214931e-5
1409	2.85408551966317e-5
1410	3.42625776839544e-5
1411	5.72985335612041e-5
1412	3.08686928191056e-5
1413	2.35268194380043e-5
1414	3.0560020948079e-5
1415	5.88976044247664e-5
1416	5.64026322770049e-5
1417	2.4680198234133e-5
1418	1.54486507157711e-5
1419	3.499285015931e-5
1420	3.73748935737691e-5
1421	3.48287270669105e-5
1422	5.1555731043665e-5
1423	4.43478664260825e-5
1424	3.3077578842501e-5
1425	4.14553851370965e-5
1426	4.67374384227617e-5
1427	2.67129154335765e-5
1428	5.52703335110926e-5
1429	4.04149350742702e-5
1430	3.92720962932497e-5
1431	3.96048596273809e-5
1432	6.0748129934482e-5
1433	3.69201672076713e-5
1434	4.65552467330339e-5
1435	3.92615562781415e-5
1436	2.00471087358457e-5
1437	3.87059469102936e-5
1438	3.6251629106521e-5
1439	4.78757600544502e-5
1440	4.11226218029654e-5
1441	3.88520014053647e-5
1442	5.29485187543949e-5
1443	3.33531249517589e-5
1444	4.6606441092131e-5
1445	3.70647159862984e-5
1446	6.21966291536411e-5
1447	3.79967544651544e-5
1448	5.42690320758112e-5
1449	4.42093405132316e-5
1450	5.27843956619954e-5
1451	4.28557014300466e-5
1452	4.58279856905663e-5
1453	6.36210369096956e-5
1454	5.31999734005483e-5
1455	4.7074718906225e-5
1456	2.66331124620428e-5
1457	6.88052186264987e-5
1458	4.87520870248769e-5
1459	3.9142604679063e-5
1460	7.01046519176986e-5
1461	4.3343553557913e-5
1462	6.51628905483847e-5
1463	4.86045268133618e-5
1464	4.62751834744438e-5
1465	5.9251447789114e-5
1466	7.80924776532898e-5
1467	6.2707067028168e-5
1468	4.95305424264416e-5
1469	5.24742180745247e-5
1470	5.65712725187365e-5
1471	7.13182593715886e-5
1472	5.51182561502454e-5
1473	4.79495401602077e-5
1474	6.99977460501723e-5
1475	5.75183681620328e-5
1476	6.11802705539193e-5
1477	6.41119004704501e-5
1478	6.19662545377042e-5
1479	7.97668343390537e-5
1480	6.14091394534122e-5
1481	7.59664060343162e-5
1482	7.36792227558312e-5
1483	7.51126648105499e-5
1484	6.86712098629799e-5
1485	7.30212246697891e-5
1486	8.22286807250465e-5
1487	7.12489964151631e-5
1488	5.98522286502829e-5
1489	7.18347201118917e-5
1490	6.27823528503697e-5
1491	5.74009222793983e-5
1492	8.528829653932e-5
1493	6.92087506334994e-5
1494	5.36035054075489e-5
1495	5.76960427024286e-5
1496	5.23311750123416e-5
1497	6.69637274154473e-5
1498	7.40240318215146e-5
1499	7.86465813046937e-5
1500	6.074361278515e-5
1501	4.99310630005542e-5
1502	8.06386441601484e-5
1503	7.12384564000549e-5
1504	6.69426473852308e-5
1505	5.76478597762196e-5
1506	4.3156844718853e-5
1507	7.03274979514154e-5
1508	4.78110142473567e-5
1509	7.2688461335658e-5
1510	8.44752096595426e-5
1511	5.88027442887924e-5
1512	6.75810711575005e-5
1513	6.80357975235983e-5
1514	6.61160090574571e-5
1515	6.32717106946801e-5
1516	5.65065267116431e-5
1517	7.35632825896407e-5
1518	8.6780461535356e-5
1519	4.7963091608204e-5
1520	6.16410197857932e-5
1521	4.23407464061875e-5
1522	3.8118717497121e-5
1523	5.93749165375246e-5
1524	8.84683696691162e-5
1525	5.11612333353286e-5
1526	5.64432866209938e-5
1527	5.98522286502828e-5
1528	5.38323743070418e-5
1529	7.1148113413413e-5
1530	7.81316262808346e-5
1531	6.63328322253977e-5
1532	8.62067835701797e-5
1533	5.06086354003687e-5
1534	7.15531511368576e-5
1535	7.83635066132156e-5
1536	6.55558825402771e-5
1537	7.05669068660165e-5
1538	4.92068133909747e-5
1539	3.83867350241588e-5
1540	4.60086716638501e-5
1541	5.59298373135788e-5
1542	6.68854301603576e-5
1543	6.92810250228129e-5
1544	4.38765771791004e-5
1545	6.27206184761643e-5
1546	6.86109812052186e-5
1547	6.85597868461215e-5
1548	5.18463343173633e-5
1549	6.2800421447698e-5
1550	8.27406243160174e-5
1551	7.42393492730112e-5
1552	5.54961909776975e-5
1553	6.58464858139753e-5
1554	7.17458828416938e-5
1555	8.5518671155257e-5
1556	6.98276000919966e-5
1557	5.14488251761387e-5
1558	5.74204965931707e-5
1559	6.14512995138451e-5
1560	7.10517475609949e-5
1561	5.45581296330654e-5
1562	5.93598593730843e-5
1563	6.97297285231345e-5
1564	6.95490425498507e-5
1565	5.77939142712907e-5
1566	8.60547062093325e-5
1567	6.81878748844455e-5
1568	5.94246051801777e-5
1569	7.28902273391583e-5
1570	6.74862110215265e-5
1571	5.81311947547539e-5
1572	6.58811172921881e-5
1573	7.74706167619045e-5
1574	7.46684784595604e-5
1575	5.89081444398746e-5
1576	6.50800761439629e-5
1577	5.53892851101712e-5
1578	6.19527030897079e-5
1579	6.53330365065603e-5
1580	6.47232213467272e-5
1581	6.49114359022313e-5
1582	7.70324532766911e-5
1583	8.30718819337045e-5
1584	5.76132282980069e-5
1585	7.02446835469936e-5
1586	6.37264370607779e-5
1587	4.38253828200033e-5
1588	7.46052383689111e-5
1589	5.79339459005857e-5
1590	4.29626072975728e-5
1591	5.90451646362815e-5
1592	4.74586765994532e-5
1593	5.78451086303878e-5
1594	5.99576288013651e-5
1595	4.09329015310173e-5
1596	5.1367516488161e-5
1597	6.80900033155834e-5
1598	4.98015713863674e-5
1599	5.57130141456381e-5
1600	5.58861715367018e-5
1601	5.95059138681554e-5
1602	4.03065234902999e-5
1603	6.04259066154591e-5
1604	5.74837366838201e-5
1605	5.06041182510366e-5
1606	6.9565605430735e-5
1607	6.57440970957811e-5
1608	5.9301136431767e-5
1609	5.59644687917915e-5
1610	4.92851106460643e-5
1611	5.61240747348589e-5
1612	4.34098050814504e-5
1613	4.26027410674491e-5
1614	5.77397084793056e-5
1615	4.91345390016611e-5
1616	6.419772630776e-5
1617	5.39709002198928e-5
1618	4.49983359299045e-5
1619	5.04023522475363e-5
1620	4.03005006245238e-5
1621	6.27627785365972e-5
1622	5.62309806023852e-5
1623	4.54500508631142e-5
1624	4.60884746353838e-5
1625	5.16264997165345e-5
1626	4.86572268889029e-5
1627	5.169576267296e-5
1628	3.56056767520312e-5
1629	5.05182924137268e-5
1630	6.95129053551939e-5
1631	5.30343445917047e-5
1632	3.62305490763045e-5
1633	4.53085135173751e-5
1634	3.15793909806889e-5
1635	3.8773704150275e-5
1636	3.62139861954202e-5
1637	3.15086223078193e-5
1638	5.38670057852546e-5
1639	3.48136699024702e-5
1640	4.66214982565713e-5
1641	5.31638362058915e-5
1642	3.98653485721984e-5
1643	4.78411285762374e-5
1645	1.7683133918715e-4
1646	1.71656191769011e-4
1647	1.4138677409463e-4
1648	1.70416987135573e-4
1649	2.16160652705273e-4
1650	1.93562860313237e-4
1651	1.90143378268839e-4
1652	1.07077519200911e-4
1653	9.50724419926417e-5
1654	1.59232525389301e-4
1655	2.16272075722131e-4
1656	2.35578371967513e-4
1657	2.32684384962083e-4
1658	2.27802852250531e-4
1659	2.40411721752857e-4
1660	2.44480167584632e-4
1661	2.49598097777898e-4
1662	2.17536877535119e-4
1663	2.40926676776716e-4
1664	2.77354474707189e-4
1665	2.69831915352803e-4
1666	2.90247924617437e-4
1667	2.99225006056757e-4
1668	2.81459057733621e-4
1669	2.43537589090668e-4
1670	3.06181416028187e-4
1671	2.61607692135499e-4
1672	3.32031555939333e-4
1673	3.47578078223966e-4
1674	2.59617134996489e-4
1675	1.59476451453234e-4
1676	3.0860260807019e-4
1677	3.52025964599637e-4
1678	3.36437282254571e-4
1679	3.3814325898566e-4
1680	3.4877813422986e-4
1681	3.50195013403694e-4
1682	3.61891418740937e-4
1683	2.33929612461298e-4
1684	1.92319138530466e-4
1685	2.74294858892915e-4
1686	3.95215935080259e-4
1687	3.57410406603497e-4
1688	3.58023233196218e-4
1689	4.059035104e-4
1690	3.71067254750869e-4
1691	4.07047854897464e-4
1692	3.90516594058434e-4
1693	4.43955976373584e-4
1694	3.4600008739062e-4
1695	2.04756356358173e-4
1696	3.19612406708954e-4
1697	3.80687277111791e-4
1698	4.17822761770959e-4
1699	2.93512317868099e-4
1700	1.70632304587069e-4
1701	4.21838507527193e-4
1702	4.36558391484053e-4
1703	3.77019351854129e-4
1704	4.30809566100738e-4
1705	3.95857370285416e-4
1706	3.83025654749374e-4
1707	4.37497958545129e-4
1708	4.42439719914443e-4
1709	4.76423740056252e-4
1710	4.33802930391474e-4
1711	4.77908376470067e-4
1712	4.6620293683416e-4
1713	4.58430428550066e-4
1714	3.5673584563657e-4
1715	4.90316985685337e-4
1716	4.42624923037059e-4
1717	3.16474493639591e-4
1718	3.5787115583537e-4
1719	4.68106162419417e-4
1720	5.13899516631771e-4
1721	5.30558763368544e-4
1722	5.30015199732248e-4
1723	4.93232052720984e-4
1724	5.34996109729107e-4
1725	5.31478756115847e-4
1726	5.30179322824648e-4
1727	5.15576884750423e-4
1728	4.78927746502677e-4
1729	4.78072499562467e-4
1730	4.9876104350347e-4
1731	4.93361544335171e-4
1732	4.96535594599191e-4
1733	3.95577307026827e-4
1734	2.85616340835594e-4
1735	4.9196122804222e-4
1736	4.78390205732158e-4
1737	4.67669504650648e-4
1738	3.90621994209516e-4
1739	4.41388729836509e-4
1740	4.31494667082772e-4
1741	4.08390953965541e-4
1742	4.15178723695239e-4
1743	4.03593741374855e-4
1744	4.46989995008309e-4
1745	4.41226112460553e-4
1746	4.13766361670737e-4
1747	4.47298666879335e-4
1748	3.92437888241019e-4
1749	5.00650717640731e-4
1750	4.12107062149413e-4
1751	4.2999647922096e-4
1752	5.31581144834042e-4
1753	5.04774874980935e-4
1754	5.56202620126857e-4
1755	5.90538977916569e-4
1756	4.82356262845739e-4
1757	5.48131979986844e-4
1758	5.99707285344282e-4
1759	5.7266010086013e-4
1760	5.26817058005124e-4
1761	5.60007565580927e-4
1762	5.64606023601002e-4
1763	5.79003684238838e-4
1764	5.90843132638264e-4
1765	5.56640783612071e-4
1766	5.80233854573613e-4
1767	4.78712429051181e-4
1768	5.36406966037165e-4
1769	6.06928701409861e-4
1770	4.98733940607478e-4
1771	5.11487358888431e-4
1772	4.24292825330966e-4
1773	5.25454384623274e-4
1774	5.88196083129655e-4
1775	5.38511957625922e-4
1776	5.07131321215846e-4
1777	5.63466196252869e-4
1778	5.65155610103073e-4
1779	4.92477688782524e-4
1780	5.32490597566237e-4
1781	5.69618553643185e-4
1782	5.1535554443315e-4
1783	5.07605621895716e-4
1784	5.49208567244328e-4
1785	4.90244711296024e-4
1786	5.11889385178988e-4
1787	5.35968802551952e-4
1788	5.28291154403831e-4
1789	4.9725231562655e-4
1790	4.1467882583582e-4
1791	4.82570074580791e-4
1792	4.38773300373224e-4
1793	4.77534958791947e-4
1794	5.11963165284745e-4
1795	4.71778604826412e-4
1796	4.65749716184507e-4
1797	5.16929018117164e-4
1798	4.63759159045496e-4
1799	4.41177929534344e-4
1800	4.53624181660715e-4
1801	4.51475524295081e-4
1802	4.74273576974173e-4
1803	4.93706353400854e-4
1804	4.9510516397736e-4
1805	4.42676117396156e-4
1806	4.68843963476993e-4
1807	4.57302646933486e-4
1808	4.9054585458483e-4
1809	4.54217433939663e-4
1810	4.28034530694386e-4
1811	4.61690304651396e-4
1812	4.50013473627925e-4
1813	4.38074647943194e-4
1814	4.78086051010463e-4
1815	4.59903019232329e-4
1816	4.62315176975669e-4
1817	4.49174789568599e-4
1818	4.3005219072939e-4
1819	4.2178881888454e-4
1820	4.57438161413449e-4
1821	4.0616851649415e-4
1822	4.29166829460299e-4
1823	4.2176623313788e-4
1824	3.55138280489452e-4
1825	4.51394215607103e-4
1826	4.18476242707669e-4
1827	4.30543054290144e-4
1828	3.85121612039466e-4
1829	4.04777234499864e-4
1830	4.14151825080409e-4
1831	4.16606142884181e-4
1832	4.29317401104702e-4
1833	3.69582618337053e-4
1834	3.99719532964359e-4
1835	3.79618218436528e-4
1836	3.65571389730151e-4
1837	4.23752273127558e-4
1838	4.12968331955399e-4
1839	3.92224076505967e-4
1840	4.01283972349709e-4
1841	3.83365946665725e-4
1842	3.50916251580385e-4
1843	3.33665258281108e-4
1844	3.52345176485772e-4
1845	3.92084044876672e-4
1846	3.61861304412056e-4
1847	3.72621154121111e-4
1848	3.89034969077506e-4
1849	3.37995698774144e-4
1850	3.63841321535958e-4
1851	3.30272879132703e-4
1852	3.41835275706427e-4
1853	3.28860517108201e-4
1854	3.34695168328826e-4
1855	3.19514535140092e-4
1856	3.24825197038194e-4
1857	3.3862508824775e-4
1858	3.2582800418992e-4
1859	3.20407424991403e-4
1860	3.09530129399714e-4
1861	2.99679732422855e-4
1862	2.99090997293239e-4
1863	2.86579999359774e-4
1864	2.76039984251548e-4
1865	2.78077218600324e-4
1866	2.7936008901064e-4
1867	2.65400591858016e-4
1868	2.28088938374897e-4
1869	2.69700918022173e-4
1870	2.76771762443348e-4
1871	2.72457884831196e-4
1872	2.41494331876116e-4
1873	2.5952076914407e-4
1874	2.43561680553772e-4
1875	2.49209622935337e-4
1876	2.69304914597392e-4
1877	2.67589903567639e-4
1878	2.79174885888024e-4
1879	2.44784322306327e-4
1880	2.21118976955471e-4
1881	2.50968299741967e-4
1882	2.45341437390618e-4
1883	2.26522993273103e-4
1884	2.62423790448165e-4
1885	2.26500407526443e-4
1886	2.36355321652634e-4
1887	2.59552389189395e-4
1888	2.14221289925359e-4
1889	2.04748827775952e-4
1890	2.23121579826034e-4
1891	2.23132119841142e-4
1892	1.92448630144653e-4
1893	2.12745687810208e-4
1894	2.20882579473758e-4
1895	2.09253931376497e-4
1896	2.01014650994752e-4
1897	2.11625434775848e-4
1898	2.04911445151908e-4
1899	2.00794816393924e-4
1900	2.11675123418501e-4
1901	1.9370590337542e-4
1902	2.02967565222662e-4
1903	2.0083095358858e-4
1904	1.71863980638288e-4
1905	2.03238594182588e-4
1906	1.7000893797924e-4
1907	1.49589917281718e-4
1908	1.66243141152715e-4
1909	1.62278589755578e-4
1910	1.52670613126208e-4
1911	1.77680563261584e-4
1912	1.5154734865896e-4
1913	1.5528152544016e-4
1914	1.34112657953511e-4
1915	1.64353467015455e-4
1916	1.43476708518947e-4
1917	1.3717829663356e-4
1918	1.55340248381478e-4
1919	1.30641981550016e-4
1920	1.41719537428762e-4
1921	1.36454047023981e-4
1922	1.40630904439726e-4
1923	1.70150475324979e-4
1924	1.21034004920646e-4
1925	1.20772010259385e-4
1926	1.25352399682131e-4
1927	1.23515425620411e-4
1928	1.1451575843443e-4
1929	1.26701521615984e-4
1930	1.20958719098445e-4
1931	1.16670438665841e-4
1932	1.11727171580083e-4
1933	1.04821955967751e-4
1934	1.05485976919569e-4
1935	9.30472533754183e-5
1936	1.02881087471393e-4
1937	1.05132133555221e-4
1938	7.48145329546315e-5
1939	8.20419718859865e-5
1940	8.47402157536923e-5
1941	6.63237979267335e-5
1942	6.59006916059605e-5
1943	5.57190370114143e-5
1944	6.57275342148968e-5
1945	6.99601031390715e-5
1946	7.25002467801539e-5
1947	6.48331386471416e-5
1948	6.12901878543337e-5
1949	5.36742740804184e-5
1950	4.60613717393913e-5
1951	4.1803205635668e-5
1952	3.38650685427298e-5
1953	3.50636188321795e-5
1954	4.2411515079057e-5
1955	5.82486406373885e-5
1956	3.32552533828968e-5
1957	4.53898222053529e-5
1958	2.64840465340836e-5
1959	4.9500428097561e-5
1960	2.73950049827232e-5
1961	8.79790118248057e-6
1962	2.04265492797418e-5
1963	4.14463508384323e-5
1964	1.84841750669402e-5
1965	1.85173008287089e-5
1966	2.13420248777134e-5
1967	2.47404268918943e-5
1968	2.68815556753082e-5
1969	2.75515994929025e-5
1970	4.6842838573844e-6
1971	9.65917098846703e-6
1972	1.71305359837552e-5
1973	1.67345325589747e-5
