Wavenumber (cm^-1)	Intensity profile for Laser = Laser wrapper [Q0259] - LaserTune LT-OEM [Q0259]: PiF (V)
770	2.66572039251474e-5
770.995412844037	1.96074395341883e-5
771.990825688073	3.32793448460013e-5
772.98623853211	2.87019668561432e-5
773.981651376147	2.36036109766499e-5
774.977064220183	3.91847647394959e-5
775.97247706422	3.25023951608806e-5
776.967889908257	3.83777007254946e-5
777.963302752293	5.76087111486748e-5
778.95871559633	4.64965237917166e-5
779.954128440367	4.26840497554269e-5
780.949541284403	4.05760467337817e-5
781.94495412844	5.04716152039618e-5
782.940366972476	5.31909391018841e-5
783.935779816513	6.34117423239752e-5
784.93119266055	5.30403674574808e-5
785.926605504586	5.68046585675615e-5
786.922018348623	4.52738820391624e-5
787.91743119266	6.33033307400048e-5
788.912844036696	6.43543208179394e-5
789.908256880733	7.59182231081072e-5
790.90366972477	6.67213070679581e-5
791.899082568806	6.54775852851874e-5
792.894495412843	6.80373032400423e-5
793.88990825688	7.75112711058933e-5
794.885321100916	7.63398237124362e-5
795.880733944953	6.12465220774567e-5
796.87614678899	7.51533191545388e-5
797.871559633026	8.77983258515218e-5
798.866972477063	6.96002369089478e-5
799.8623853211	6.46133040463129e-5
800.857798165136	7.99264402821211e-5
801.853211009173	7.80683861901853e-5
802.848623853209	5.85844154044077e-5
803.844036697246	8.22874036663637e-5
804.839449541283	6.8910618777581e-5
805.83486238532	1.00837830256841e-4
806.830275229356	9.16890971429012e-5
807.825688073393	9.601652620305e-5
808.821100917429	8.46664356479347e-5
809.816513761466	9.50167304842126e-5
810.811926605503	9.98741717326607e-5
811.807339449539	9.29810018518809e-5
812.802752293576	7.96222855604266e-5
813.798165137613	1.10016677699662e-4
814.793577981649	1.11691034385426e-4
815.788990825686	9.95850741754065e-5
816.784403669723	1.07996006231771e-4
817.779816513759	1.05231510840527e-4
818.775229357796	1.22568329977115e-4
819.770642201832	9.99133203602055e-5
820.766055045869	1.01117893515431e-4
821.761467889906	1.23188685152056e-4
822.756880733943	1.11353753901963e-4
823.752293577979	1.09531837004684e-4
824.747706422016	9.96422914002797e-5
825.743119266052	1.24766675985402e-4
826.738532110089	1.20171229398216e-4
827.733944954126	1.21405916882322e-4
828.729357798162	1.26844564678167e-4
829.724770642199	1.25748403106911e-4
830.720183486236	1.37998912095558e-4
831.715596330272	1.35881874775248e-4
832.711009174309	1.39224565281e-4
833.706422018346	1.36640755863041e-4
834.701834862382	1.31364725443152e-4
835.697247706419	1.32448841282855e-4
836.692660550456	1.37535151430796e-4
837.688073394492	1.42510038561878e-4
838.683486238529	1.51044439366653e-4
839.678899082566	1.49448379935979e-4
840.674311926602	1.60714150370229e-4
841.669724770639	1.48858139089919e-4
842.665137614675	1.4698803926643e-4
843.660550458712	1.57434699955126e-4
844.655963302749	1.55236353946839e-4
845.651376146786	1.72293109824837e-4
846.646788990822	1.71257176911343e-4
847.642201834859	1.52140600937909e-4
848.637614678895	1.65568580185789e-4
849.633027522932	1.7991203503164e-4
850.628440366969	1.77719711889129e-4
851.623853211005	1.85501254471888e-4
852.619266055042	1.91981858047003e-4
853.614678899079	1.86952765123935e-4
854.610091743115	1.90292444196799e-4
855.605504587152	1.6527044832987e-4
856.600917431189	1.90668873307807e-4
857.596330275225	1.8230913561054e-4
858.591743119262	1.79198325437169e-4
859.587155963299	1.68318018412592e-4
860.582568807335	1.81845374945778e-4
861.577981651372	1.77554083080286e-4
862.573394495409	1.72500898694113e-4
863.568807339445	1.56829401944625e-4
864.564220183482	1.61259219722968e-4
865.559633027518	1.72799030550032e-4
866.555045871555	1.63081136620247e-4
867.550458715592	1.59401165631033e-4
868.545871559628	1.62939599274508e-4
869.541284403665	1.5658848731358e-4
870.536697247702	1.51929800635744e-4
871.532110091738	1.6618893536073e-4
872.527522935775	1.65411985675609e-4
873.522935779812	1.82441638657614e-4
874.518348623848	1.7988192070276e-4
875.513761467885	1.86419741502748e-4
876.509174311922	2.15723994936504e-4
877.504587155958	2.15630640516974e-4
878.499999999995	2.38532587630705e-4
879.495412844032	2.34250330063877e-4
880.490825688068	2.55113537112388e-4
881.486238532105	2.56519876271114e-4
882.481651376142	2.43865835275467e-4
883.477064220178	2.61964546932735e-4
884.472477064215	2.54405850383693e-4
885.467889908252	2.58227358718647e-4
886.463302752288	2.69225111625858e-4
887.458715596325	2.63102868564423e-4
888.454128440361	2.78964085585859e-4
889.449541284398	2.77244557406774e-4
890.444954128435	2.57320917419339e-4
891.440366972471	2.96017830030969e-4
892.435779816508	2.87546669316843e-4
893.431192660545	2.91669320940604e-4
894.426605504581	2.91139308752304e-4
895.422018348618	2.9337078052236e-4
896.417431192655	2.84288298931957e-4
897.412844036691	3.06009764353567e-4
898.408256880728	2.93900792710659e-4
899.403669724765	3.08753179714594e-4
900.399082568801	3.06229598954396e-4
901.394495412838	2.82803662518141e-4
902.389908256875	3.04109550201198e-4
903.385321100911	3.16441367877822e-4
904.380733944948	3.05178608876461e-4
905.376146788985	3.16932231438577e-4
906.371559633021	3.06338010538366e-4
907.366972477058	3.0745224070695e-4
908.362385321094	2.9570464101061e-4
909.357798165131	3.02543605099405e-4
910.353211009168	3.26457393663525e-4
911.348623853204	3.13297431942683e-4
912.344036697241	2.88871699787592e-4
913.339449541278	2.98405896311204e-4
914.334862385314	3.14854342745812e-4
915.330275229351	3.16832854153271e-4
916.325688073388	3.37196163342363e-4
917.321100917424	3.27002463016265e-4
918.316513761461	3.05268951863103e-4
919.311926605498	3.11930241411502e-4
920.307339449534	3.22223319022906e-4
921.302752293571	3.18970971503797e-4
922.298165137608	3.0577186115541e-4
923.293577981644	3.11361080595658e-4
924.288990825681	3.08009355791242e-4
925.284403669718	3.10816011242918e-4
926.279816513754	3.04296259040258e-4
927.275229357791	3.09415694949968e-4
928.270642201827	3.01432386363709e-4
929.266055045864	3.1949496082632e-4
930.261467889901	3.11044880142411e-4
931.256880733937	2.84935757002891e-4
932.252293577974	2.97999352871315e-4
933.247706422011	2.76880174027319e-4
934.243119266047	2.8728768608847e-4
935.238532110084	3.02618890921606e-4
936.233944954121	2.95475772111117e-4
937.229357798157	2.9766508382074e-4
938.224770642194	3.1126471474324e-4
939.220183486231	3.05344237685305e-4
940.215596330267	3.18347604895967e-4
941.211009174304	3.18425902151057e-4
942.20642201834	3.18817388426505e-4
943.201834862377	3.06404262061903e-4
944.197247706414	3.33880575732604e-4
945.192660550451	3.45314986408585e-4
946.188073394487	3.18627668154557e-4
947.183486238524	3.30950451532517e-4
948.17889908256	3.28715968329573e-4
949.174311926597	3.36109036069772e-4
950.169724770634	3.47998173111851e-4
951.16513761467	3.30447542240211e-4
952.160550458707	3.36545693838541e-4
953.155963302744	3.18456016479938e-4
954.15137614678	3.2977900413906e-4
955.146788990817	3.29252003383649e-4
956.142201834854	3.20753739773531e-4
957.13761467889	3.32534465231639e-4
958.133027522927	3.1560418953494e-4
959.128440366964	3.31847858533161e-4
960.123853211	3.2461439673603e-4
961.119266055037	3.27499349442795e-4
962.114678899074	3.28327493487013e-4
963.11009174311	3.21880015673667e-4
964.105504587147	3.28155841812394e-4
965.100917431183	3.24171716101484e-4
966.09633027522	3.2601471302898e-4
967.091743119257	3.00291053299132e-4
968.087155963293	3.13143848865392e-4
969.08256880733	3.05416512074618e-4
970.077981651367	3.14532119426789e-4
971.073394495403	3.09966787168484e-4
972.06880733944	3.07925035670376e-4
973.064220183477	2.95960612806095e-4
974.059633027513	3.04895534184983e-4
975.05504587155	3.15275943350141e-4
976.050458715587	3.06045901548224e-4
977.045871559623	3.02266553273703e-4
978.04128440366	2.98149924515718e-4
979.036697247697	2.76795853906453e-4
980.032110091733	2.94695810993108e-4
981.02752293577	2.76076121446205e-4
982.022935779807	2.93828518321346e-4
983.018348623843	3.02820656925106e-4
984.01376146788	2.72573824997386e-4
985.009174311917	2.71131348644003e-4
986.004587155953	2.55107514246612e-4
986.99999999999	2.47428360382047e-4
989	2.88552487901457e-4
989.997229916898	2.793826747573e-4
990.994459833795	2.91142320185192e-4
991.991689750692	3.04127618798526e-4
992.98891966759	2.93403906284129e-4
993.986149584488	3.06392216330351e-4
994.983379501385	3.1409546165802e-4
995.980609418282	3.20976585807248e-4
996.97783933518	3.10716633957612e-4
997.975069252077	3.24948665786605e-4
998.972299168975	3.38003227356365e-4
999.969529085872	3.23274309100841e-4
1000.96675900277	3.55258737804974e-4
1001.96398891967	3.28634659641596e-4
1002.96121883656	3.52804420001202e-4
1003.95844875346	3.43065446041201e-4
1004.95567867036	3.4358040106506e-4
1005.95290858726	3.55915230174572e-4
1006.95013850415	3.65319935083998e-4
1007.94736842105	3.57408900887053e-4
1008.94459833795	3.60025836066781e-4
1009.94182825485	3.60025836066781e-4
1010.93905817174	3.61658032692112e-4
1011.93628808864	3.47266394920051e-4
1012.93351800554	3.52662882655463e-4
1013.93074792244	3.42634811138208e-4
1014.92797783933	3.52557482504381e-4
1015.92520775623	3.58631542639607e-4
1016.92243767313	3.61188249161574e-4
1017.91966759003	3.42095764651244e-4
1018.91689750692	3.4647438807049e-4
1019.91412742382	3.4630273639587e-4
1020.91135734072	3.35368223579308e-4
1021.90858725762	3.3556697814992e-4
1022.90581717451	3.47287474950268e-4
1023.90304709141	3.64317127932273e-4
1024.90027700831	3.52039516047633e-4
1025.89750692521	3.57670895548314e-4
1026.8947368421	3.64353265126929e-4
1027.891966759	3.52274407812902e-4
1028.8891966759	3.70589942638111e-4
1029.8864265928	3.74402416674401e-4
1030.8836565097	3.66301662205507e-4
1031.88088642659	3.7494748602714e-4
1032.87811634349	3.65310900785334e-4
1033.87534626039	3.77784255807697e-4
1034.87257617729	3.86207233595614e-4
1035.86980609418	3.75625058426955e-4
1036.86703601108	3.67286400759904e-4
1037.86426592798	3.83421658174154e-4
1038.86149584488	3.8417451639617e-4
1039.85872576177	3.95879956032077e-4
1040.85595567867	3.67229183535031e-4
1041.85318559557	3.66440188118358e-4
1042.85041551247	3.5254242533994e-4
1043.84764542936	3.70327947976849e-4
1044.84487534626	3.56475356691752e-4
1045.84210526316	3.55568915392445e-4
1046.83933518006	3.53241077769971e-4
1047.83656509695	3.48769099931195e-4
1048.83379501385	3.63516086784047e-4
1049.83102493075	3.42234290564095e-4
1050.82825484765	3.46808657121065e-4
1051.82548476454	3.55165383385444e-4
1052.82271468144	3.21434323606233e-4
1053.81994459834	3.42113833248573e-4
1054.81717451524	3.32630831084057e-4
1055.81440443214	3.23048451634236e-4
1056.81163434903	3.42092753218356e-4
1057.80886426593	3.39141548988053e-4
1058.80609418283	3.25710558307285e-4
1059.80332409973	3.23003280140915e-4
1060.80055401662	3.21768592656809e-4
1061.79778393352	3.17230363294495e-4
1062.79501385042	3.20826014162844e-4
1063.79224376732	3.34422633652456e-4
1064.78947368421	3.49618324005629e-4
1065.78670360111	3.25797889861039e-4
1066.78393351801	3.13767215473221e-4
1067.78116343491	3.33805289910403e-4
1068.7783933518	3.27147011794892e-4
1069.7756232687	3.16751545465293e-4
1070.7728531856	3.0119749459844e-4
1071.7700831025	3.07967195730809e-4
1072.76731301939	2.93518340733875e-4
1073.76454293629	3.11882058485293e-4
1074.76177285319	3.15022982987544e-4
1075.75900277009	2.93964032801309e-4
1076.75623268698	2.9365084378095e-4
1077.75346260388	2.97297689008396e-4
1078.75069252078	2.96755631088544e-4
1079.74792243768	2.85833164003534e-4
1080.74515235457	2.76579030738512e-4
1081.74238227147	2.90606285131117e-4
1082.73961218837	2.87365983343559e-4
1083.73684210527	2.87239503162261e-4
1084.73407202217	3.0493167137964e-4
1085.73130193906	2.80430653402347e-4
1086.72853185596	2.96328007618439e-4
1087.72576177286	3.07355874854532e-4
1088.72299168976	2.84577396489211e-4
1089.72022160665	2.88139921595792e-4
1090.71745152355	2.89233071734159e-4
1091.71468144045	2.89224037435495e-4
1092.71191135735	2.81228683117684e-4
1093.70914127424	2.85375426204549e-4
1094.70637119114	2.70992822731152e-4
1095.70360110804	2.76226693090608e-4
1096.70083102494	2.61982615530063e-4
1097.69806094183	2.57239608731362e-4
1098.69529085873	2.78789422478351e-4
1099.69252077563	2.55833269572635e-4
1100.68975069253	2.33723329308465e-4
1101.68698060942	2.46049124119314e-4
1102.68421052632	2.27194542807142e-4
1103.68144044322	2.32136304176455e-4
1104.67867036012	2.19446125986151e-4
1105.67590027701	2.28293715811285e-4
1106.67313019391	2.19668972019868e-4
1107.67036011081	2.19656926288316e-4
1108.66759002771	2.21957661014797e-4
1109.6648199446	2.04235378468537e-4
1110.6620498615	1.88648201839915e-4
1111.6592797784	1.84721293353879e-4
1112.6565096953	1.8577830629759e-4
1113.6537396122	1.76891567844911e-4
1114.65096952909	1.91743954848846e-4
1115.64819944599	1.79318782752691e-4
1116.64542936289	1.74458330071355e-4
1117.64265927979	1.68447510026778e-4
1118.63988919668	1.72847213476241e-4
1119.63711911358	1.62542090133284e-4
1120.63434903048	1.62213843948485e-4
1121.63157894738	1.62713741807904e-4
1122.62880886427	1.53107270894978e-4
1123.62603878117	1.35604822949546e-4
1124.62326869807	1.32563275732601e-4
1125.62049861497	1.36333589708458e-4
1126.61772853186	1.39034845009052e-4
1127.61495844876	1.42440775605453e-4
1128.61218836566	1.26353701117412e-4
1129.60941828256	1.19445474072192e-4
1130.60664819945	1.21797403157771e-4
1131.60387811635	1.29976454881754e-4
1132.60110803325	1.16187103687306e-4
1133.59833795015	1.26377792580517e-4
1134.59556786704	1.22764073114839e-4
1135.59279778394	1.24607070042335e-4
1136.59002770084	1.13229876591227e-4
1137.58725761774	1.30789541761531e-4
1138.58448753464	1.05794648790596e-4
1139.58171745153	1.10992381955395e-4
1140.57894736843	1.27338439671809e-4
1141.57617728533	1.06321649546007e-4
1142.57340720223	1.07399742519934e-4
1143.57063711912	1.00223497947676e-4
1144.56786703602	1.05580837055543e-4
1145.56509695292	1.06571598475716e-4
1146.56232686982	1.10989370522507e-4
1147.55955678671	9.82991923322029e-5
1148.55678670361	9.42367693662038e-5
1149.55401662051	8.85692526708663e-5
1150.55124653741	9.49324103633467e-5
1151.5484764543	8.69310331797592e-5
1152.5457063712	9.95941084740706e-5
1153.5429362881	8.63438037665867e-5
1154.540166205	9.03610552392648e-5
1155.53739612189	1.08797047379996e-4
1156.53462603879	1.05966300465215e-4
1157.53185595569	9.49354217962348e-5
1158.52908587259	8.88583502281205e-5
1159.52631578948	8.97376886314354e-5
1160.52354570638	1.06740238717448e-4
1161.52077562328	9.975070298425e-5
1162.51800554018	1.00392138189408e-4
1163.51523545708	9.35260712046206e-5
1164.51246537397	9.04423639272425e-5
1165.50969529087	1.102846952267e-4
1166.50692520777	9.86394842485542e-5
1167.50415512467	1.02524232674157e-4
1168.50138504156	9.5881011723087e-5
1169.49861495846	9.77240086505826e-5
1170.49584487536	9.1863760250409e-5
1171.49307479226	1.0843266400054e-4
1172.49030470915	1.25203333754172e-4
1173.48753462605	1.08803070245772e-4
1174.48476454295	1.03831194547577e-4
1175.48199445985	1.13669545792884e-4
1176.47922437674	9.71819507307309e-5
1177.47645429364	1.22511112752242e-4
1178.47368421054	1.08986767651944e-4
1179.47091412744	1.25052762109768e-4
1180.46814404433	1.10167249344065e-4
1181.46537396123	1.07194965083546e-4
1182.46260387813	1.02491106912389e-4
1183.45983379503	1.01906888932104e-4
1184.45706371192	1.1476570736414e-4
1185.45429362882	1.2420956090111e-4
1186.45152354572	1.08953641890175e-4
1187.44875346262	1.05126110689445e-4
1188.44598337952	1.04171486463929e-4
1189.44321329641	1.13190727963682e-4
1190.44044321331	1.12269229499934e-4
1191.43767313021	1.08474824060973e-4
1192.43490304711	1.08188737936607e-4
1193.432132964	1.10140146448073e-4
1194.4293628809	9.61490292501248e-5
1195.4265927978	1.0869767009469e-4
1196.4238227147	1.19731560196558e-4
1197.42105263159	1.12865493211771e-4
1198.41828254849	1.13651477195556e-4
1199.41551246539	1.07812308825599e-4
1200.41274238229	1.15602885707022e-4
1201.40997229918	1.15289696686663e-4
1202.40720221608	1.16295515271277e-4
1203.40443213298	1.15389073971969e-4
1204.40166204988	1.03087370624226e-4
1205.39889196677	1.22456906960257e-4
1206.39612188367	1.19638205777028e-4
1207.39335180057	1.10149180746737e-4
1208.39058171747	1.17626568607801e-4
1209.38781163436	1.07583439926106e-4
1210.38504155126	1.1093817616341e-4
1211.38227146816	1.04635247128691e-4
1212.37950138506	1.25344871099911e-4
1213.37673130195	1.0122931653229e-4
1214.37396121885	9.38452830907554e-5
1215.37119113575	1.05228499407639e-4
1216.36842105265	1.06695067224127e-4
1217.36565096955	1.27193890893182e-4
1218.36288088644	1.02180929324918e-4
1219.36011080334	1.03192770775308e-4
1220.35734072024	1.19297913860677e-4
1221.35457063714	1.01858706005895e-4
1222.35180055403	1.05186339347207e-4
1223.34903047093	9.97386572526978e-5
1224.34626038783	1.07496108372352e-4
1225.34349030473	9.75734370061793e-5
1226.34072022162	1.09059042041258e-4
1227.33795013852	1.0020241791746e-4
1228.33518005542	1.04812921669087e-4
1229.33240997232	8.7945886063037e-5
1230.32963988921	1.04162452165265e-4
1231.32686980611	8.34347595967163e-5
1232.32409972301	8.68105758642367e-5
1233.32132963991	8.76718456702231e-5
1234.3185595568	9.63056237603042e-5
1235.3157894737	7.68367101389669e-5
1236.3130193906	7.34127109452375e-5
1237.3102493075	8.29228160057453e-5
1238.30747922439	8.43110865671431e-5
1239.30470914129	9.53901481623326e-5
1240.30193905819	8.51723563731295e-5
1241.29916897509	9.06320841991906e-5
1242.29639889199	8.49705903696292e-5
1243.29362880888	1.02590484197695e-4
1244.29085872578	9.1165107820378e-5
1245.28808864268	1.07746057302061e-4
1246.28531855958	8.90781848289493e-5
1247.28254847647	1.24351098246849e-4
1248.27977839337	1.16738195905822e-4
1249.27700831027	1.36393818366219e-4
1250.27423822717	1.37453842742818e-4
1251.27146814406	1.54495541456375e-4
1252.26869806096	1.56133760947482e-4
1253.26592797786	1.61997020780544e-4
1254.26315789476	1.70287495521386e-4
1255.26038781165	1.86564290281375e-4
1256.25761772855	1.90620690381598e-4
1257.25484764545	2.20719962097803e-4
1258.25207756235	2.19644880556764e-4
1259.24930747924	2.27838989445187e-4
1260.24653739614	2.48006555496556e-4
1261.24376731304	2.48102921348974e-4
1262.24099722994	2.43531566224892e-4
1263.23822714683	2.7068565657657e-4
1264.23545706373	2.67879001124894e-4
1265.23268698063	2.82698262367059e-4
1266.22991689753	2.90841176896386e-4
1267.22714681443	3.05549015121693e-4
1268.22437673132	3.07385989183412e-4
1269.22160664822	3.03248280395212e-4
1270.21883656512	2.94620525170907e-4
1271.21606648202	3.12541562287779e-4
1272.21329639891	3.23807332722028e-4
1273.21052631581	3.21012723001904e-4
1274.20775623271	3.28372664980334e-4
1275.20498614961	3.25737661203278e-4
1276.2022160665	3.39093366061844e-4
1277.1994459834	3.41577798194497e-4
1278.1966759003	3.18404822120841e-4
1279.1939058172	3.32236333375721e-4
1280.19113573409	3.08220156093406e-4
1281.18836565099	3.04826271228557e-4
1282.18559556789	2.91307948994036e-4
1283.18282548479	2.80451733432563e-4
1284.18005540168	2.6743330905746e-4
1285.17728531858	2.65072345673217e-4
1286.17451523548	2.38686170707996e-4
1287.17174515238	2.62587913540564e-4
1288.16897506927	2.67210463023743e-4
1289.16620498617	2.73308614622074e-4
1290.16343490307	2.99511092181124e-4
1291.16066481997	2.83104805806948e-4
1292.15789473686	3.15896298525083e-4
1293.15512465376	3.23837447050909e-4
1294.15235457066	3.24003075859753e-4
1295.14958448756	3.35591069613025e-4
1296.14681440446	3.23997052993976e-4
1297.14404432135	3.4244509086626e-4
1298.14127423825	3.5195218449388e-4
1299.13850415515	3.53852398646248e-4
1300.13573407205	3.40587036774324e-4
1301.13296398894	3.25791866995263e-4
1302.13019390584	3.44905431535809e-4
1303.12742382274	3.36605922496303e-4
1304.12465373964	3.16516653700024e-4
1305.12188365653	3.28234139067483e-4
1306.11911357343	3.18877617084267e-4
1307.11634349033	3.22391959264638e-4
1308.11357340723	3.19317286285924e-4
1309.11080332412	3.14803148386715e-4
1310.10803324102	3.19491949393432e-4
1311.10526315792	2.99258131818526e-4
1312.10249307482	2.96818871179194e-4
1313.09972299171	2.85119454409063e-4
1314.09695290861	3.00272984701804e-4
1315.09418282551	2.95496852141334e-4
1316.09141274241	2.91419372010894e-4
1317.0886426593	2.60064332780366e-4
1318.0858725762	2.65963729808085e-4
1319.0831024931	2.56592150660428e-4
1320.08033241	2.68104858591498e-4
1321.07756232689	2.84113635824449e-4
1322.07479224379	2.75494914898809e-4
1323.07202216069	2.64018344162395e-4
1324.06925207759	2.52912179671213e-4
1325.06648199449	2.41254922961515e-4
1326.06371191138	2.37063008381329e-4
1327.06094182828	2.48133035677854e-4
1328.05817174518	2.29456128906078e-4
1329.05540166208	2.07879212263096e-4
1330.05263157897	2.18337918683344e-4
1331.04986149587	2.0222374129931e-4
1332.04709141277	1.96005132385457e-4
1333.04432132967	2.01226957013361e-4
1334.04155124656	1.99359868622761e-4
1335.03878116346	1.68661321761831e-4
1336.03601108036	1.63430462835263e-4
1337.03324099726	1.50122940902906e-4
1338.03047091415	1.6340335993927e-4
1339.02770083105	1.61882586330798e-4
1340.02493074795	1.69308779832765e-4
1341.02216066485	1.5366438597927e-4
1342.01939058174	1.56169898142139e-4
1343.01662049864	1.51086599427086e-4
1344.01385041554	1.41410865557735e-4
1345.01108033244	1.31479159892898e-4
1346.00831024933	1.26597627181345e-4
1347.00554016623	1.39360079760963e-4
1348.00277008313	1.4323880532079e-4
1349.00000000003	1.30937101973046e-4
1351	7.50810447652253e-5
1351.99676375405	8.60486833435563e-5
1352.99352750809	7.53279822620465e-5
1353.99029126214	8.40882405334263e-5
1354.98705501618	8.90932419933896e-5
1355.98381877023	9.0276735118399e-5
1356.98058252427	9.63146580589683e-5
1357.97734627832	8.33022565496415e-5
1358.97411003236	9.22582579587454e-5
1359.97087378641	1.10474415498648e-4
1360.96763754045	1.09092167803026e-4
1361.9644012945	9.34176596206503e-5
1362.96116504854	1.13094362111264e-4
1363.95792880259	1.07574405627442e-4
1364.95469255663	1.17195933704808e-4
1365.95145631068	1.18292095276063e-4
1366.94822006473	1.18605284296422e-4
1367.94498381877	1.27790154605019e-4
1368.94174757282	1.19689400136125e-4
1369.93851132686	1.26898770470152e-4
1370.93527508091	1.28043114967616e-4
1371.93203883495	1.27314348208705e-4
1372.928802589	1.17165819375927e-4
1373.92556634304	1.36357681171563e-4
1374.92233009709	1.39474514210709e-4
1375.91909385113	1.43804954703746e-4
1376.91585760518	1.38269941055484e-4
1377.91262135922	1.39161325190351e-4
1378.90938511327	1.42735896028483e-4
1379.90614886731	1.44994470694532e-4
1380.90291262136	1.51980994994841e-4
1381.89967637541	1.39215530982336e-4
1382.89644012945	1.30157140855038e-4
1383.8932038835	1.42350432618811e-4
1384.88996763754	1.29807814640022e-4
1385.88673139159	1.33617277243424e-4
1386.88349514563	1.16614727157411e-4
1387.88025889968	1.40651984469943e-4
1388.87702265372	1.29877077596448e-4
1389.87378640777	1.23968646270065e-4
1390.87055016181	1.44398206982695e-4
1391.86731391586	1.35592777217994e-4
1392.8640776699	1.19117227887393e-4
1393.86084142395	1.23471759843534e-4
1394.85760517799	1.23739777370572e-4
1395.85436893204	1.28434601243065e-4
1396.85113268609	1.24471555562372e-4
1397.84789644013	1.23378405424004e-4
1398.84466019418	1.45988243547593e-4
1399.84142394822	1.51125748054631e-4
1400.83818770227	1.50637895926765e-4
1401.83495145631	1.2848880703505e-4
1402.83171521036	1.23444656947542e-4
1403.8284789644	1.39501617106702e-4
1404.82524271845	1.44268715368508e-4
1405.82200647249	1.5133052549102e-4
1406.81877022654	1.3522538240565e-4
1407.81553398058	1.59431279959913e-4
1408.81229773463	1.46268306806183e-4
1409.80906148867	1.45069756516733e-4
1410.80582524272	1.45337774043771e-4
1411.80258899677	1.39998503533233e-4
1412.79935275081	1.62632433119926e-4
1413.79611650486	1.57184751025417e-4
1414.7928802589	1.60343744124997e-4
1415.78964401295	1.33692563065626e-4
1416.78640776699	1.30292655335001e-4
1417.78317152104	1.0805924632242e-4
1418.77993527508	1.36309498245354e-4
1419.77669902913	1.64752481873123e-4
1420.77346278317	1.60560567292937e-4
1421.77022653722	1.59768560443376e-4
1422.76699029126	1.52923573488806e-4
1423.76375404531	1.80101755303588e-4
1424.76051779935	1.81839352080001e-4
1425.7572815534	1.87232828382525e-4
1426.75404530745	1.87422548654473e-4
1427.75080906149	1.84332818511319e-4
1428.74757281554	1.84085881014498e-4
1429.74433656958	2.09550557515971e-4
1430.74110032363	1.96246047016502e-4
1431.73786407767	1.88166372577825e-4
1432.73462783172	2.13366042985149e-4
1433.73139158576	1.8867229330302e-4
1434.72815533981	1.45747328916548e-4
1435.72491909385	1.94183215488178e-4
1436.7216828479	2.38186272848577e-4
1437.71844660194	2.40866448118955e-4
1438.71521035599	2.63903909712648e-4
1439.71197411003	2.53854758165177e-4
1440.70873786408	2.62193415832228e-4
1441.70550161813	2.59919784001739e-4
1442.70226537217	2.69950866951882e-4
1443.69902912622	2.84562339324771e-4
1444.69579288026	2.74880582589644e-4
1445.69255663431	2.62268701654429e-4
1446.68932038835	2.60862362495703e-4
1447.6860841424	3.12520482257562e-4
1448.68284789644	3.19145634611304e-4
1449.67961165049	3.25475666542016e-4
1450.67637540453	3.41129094694176e-4
1451.67313915858	3.47561515343081e-4
1452.66990291262	3.03675903865317e-4
1453.66666666667	2.83613737965031e-4
1454.66343042071	2.38288661566771e-4
1455.66019417476	2.52391201781578e-4
1456.65695792881	3.00531967930177e-4
1457.65372168285	3.42496285225357e-4
1458.6504854369	3.88724791490036e-4
1459.64724919094	4.02983926215021e-4
1460.64401294499	4.05959221908429e-4
1461.64077669903	3.93491889751842e-4
1462.63754045308	3.36395122194138e-4
1463.63430420712	3.69505826798408e-4
1464.63106796117	4.38672417371474e-4
1465.62783171521	4.29598970079736e-4
1466.62459546926	4.45890822004165e-4
1467.6213592233	4.56521180099033e-4
1468.61812297735	4.47119486622495e-4
1469.61488673139	3.66169159158432e-4
1470.61165048544	3.29387517863612e-4
1471.60841423949	3.75043851879558e-4
1472.60517799353	4.5190465348163e-4
1473.60194174758	4.26903737644918e-4
1474.59870550162	4.15595807150236e-4
1475.59546925567	4.69756427642077e-4
1476.59223300971	5.11193744181845e-4
1477.58899676376	5.17794805072482e-4
1478.5857605178	5.16596254783033e-4
1479.58252427185	5.15189915624306e-4
1480.57928802589	5.26841149468228e-4
1481.57605177994	5.54841452461452e-4
1482.57281553398	5.44485134759398e-4
1483.56957928803	5.61294953140575e-4
1484.56634304207	4.980849768201e-4
1485.56310679612	4.83446401551218e-4
1486.55987055017	4.9352566742757e-4
1487.55663430421	4.35227338147528e-4
1488.55339805826	4.29237598133168e-4
1489.5501618123	4.77812010617649e-4
1490.54692556635	5.45704765079064e-4
1491.54368932039	5.26253920055055e-4
1492.54045307444	5.25133667020695e-4
1493.53721682848	4.56692831773653e-4
1494.53398058253	4.08299105262455e-4
1495.53074433657	4.61387655646145e-4
1496.52750809062	4.56021282239614e-4
1497.52427184466	4.32357442605203e-4
1498.52103559871	4.96458803060545e-4
1499.51779935275	4.78311908477068e-4
1500.5145631068	4.7122901832434e-4
1501.51132686085	4.85470084451997e-4
1502.50809061489	4.52115453783794e-4
1503.50485436894	3.3796407872882e-4
1504.50161812298	2.96617105175694e-4
1505.49838187703	2.42561884834935e-4
1506.49514563107	3.02474342142979e-4
1507.49190938512	3.36554728137206e-4
1508.48867313916	3.73215912116503e-4
1509.48543689321	4.05344889599264e-4
1510.48220064725	3.93196769328812e-4
1511.4789644013	3.82334530901563e-4
1512.47572815534	3.98523994107798e-4
1513.47249190939	3.78756948630542e-4
1514.46925566343	3.61655021259223e-4
1515.46601941748	3.06325964806814e-4
1516.46278317153	3.53132666186001e-4
1517.45954692557	3.94021901940141e-4
1518.45631067962	3.60251693533385e-4
1519.45307443366	2.85032122855309e-4
1520.44983818771	2.72615985057819e-4
1521.44660194175	3.21319889156487e-4
1522.4433656958	3.69325140825124e-4
1523.44012944984	3.24990825847038e-4
1524.43689320389	3.33452952262499e-4
1525.43365695793	3.29411609326716e-4
1526.43042071198	3.19335354883252e-4
1527.42718446602	3.29550135239567e-4
1528.42394822007	3.46748428463304e-4
1529.42071197411	3.11159314592157e-4
1530.41747572816	2.97502466444784e-4
1531.41423948221	2.58697142249185e-4
1532.41100323625	2.63108891430199e-4
1533.4077669903	2.94494044989608e-4
1534.40453074434	3.05738735393641e-4
1535.40129449839	2.89898598402422e-4
1536.39805825243	2.44703013618349e-4
1537.39482200648	1.63038976559814e-4
1538.39158576052	1.9761926041346e-4
1539.38834951457	2.44961996846722e-4
1540.38511326861	2.42281821576345e-4
1541.38187702266	2.92042738618723e-4
1542.3786407767	3.34497919474657e-4
1543.37540453075	3.09768032597871e-4
1544.37216828479	3.89848055957284e-4
1545.36893203884	4.10524554166735e-4
1546.36569579289	4.23106320773069e-4
1547.36245954693	3.97554312717841e-4
1548.35922330098	3.48633585451232e-4
1549.35598705502	4.0237862820452e-4
1550.35275080907	4.28436556984943e-4
1551.34951456311	4.07820287433253e-4
1552.34627831716	3.45411352261003e-4
1553.3430420712	3.6548857532573e-4
1554.33980582525	4.12584374262171e-4
1555.33656957929	3.2666819396569e-4
1556.33333333334	2.45172797148887e-4
1557.33009708738	2.38092918429047e-4
1558.32686084143	2.46678513592919e-4
1559.32362459547	3.99415378242665e-4
1560.32038834952	4.76974832274767e-4
1561.31715210357	4.9025826274402e-4
1562.31391585761	4.69319769873307e-4
1563.31067961166	4.47140566652712e-4
1564.3074433657	5.13349930129699e-4
1565.30420711975	5.31906379585953e-4
1566.30097087379	5.06992795302995e-4
1567.29773462784	4.13882301836927e-4
1568.29449838188	4.50543485816225e-4
1569.29126213593	5.53883816803048e-4
1570.28802588997	5.66757692399523e-4
1571.28478964402	5.66691440875986e-4
1572.28155339806	5.6919093017308e-4
1573.27831715211	4.93287764229413e-4
1574.27508090615	3.77175946364308e-4
1575.2718446602	4.97386324390069e-4
1576.26860841425	5.77927096981355e-4
1577.26537216829	5.81775708212302e-4
1578.26213592234	5.89364519090224e-4
1579.25889967638	5.97986251448753e-4
1580.25566343043	5.88178014532327e-4
1581.25242718447	5.92400043441393e-4
1582.24919093852	5.95318121909928e-4
1583.24595469256	5.94887487006934e-4
1584.24271844661	5.93155913096297e-4
1585.23948220065	6.02644938126589e-4
1586.2362459547	5.96254677538116e-4
1587.23300970874	6.09194804658129e-4
1588.22977346279	5.77285661776197e-4
1589.22653721683	5.98233188945574e-4
1590.22330097088	5.95592162302742e-4
1591.22006472493	5.87919031303953e-4
1592.21682847897	5.68185111588466e-4
1593.21359223302	5.87666070941356e-4
1594.21035598706	5.75493859207799e-4
1595.20711974111	5.72407140497533e-4
1596.20388349515	5.83079658652833e-4
1597.2006472492	5.92165151676124e-4
1598.19741100324	6.0074472397422e-4
1599.19417475729	5.85940519896495e-4
1600.19093851133	5.91873042685982e-4
1601.18770226538	5.82070828635332e-4
1602.18446601942	5.94821235483397e-4
1603.18122977347	5.96685312441109e-4
1604.17799352751	5.77059804309593e-4
1605.17475728156	5.52676232214934e-4
1606.17152103561	5.67552710681973e-4
1607.16828478965	5.36664443549095e-4
1608.1650485437	5.4905648988348e-4
1609.16181229774	5.5417592579319e-4
1610.15857605179	5.50818178122998e-4
1611.15533980583	5.43428121815688e-4
1612.15210355988	5.24781329372792e-4
1613.14886731392	5.0816725412934e-4
1614.14563106797	4.15957179096803e-4
1615.14239482201	3.28839437077984e-4
1616.13915857606	4.78983458011106e-4
1617.1359223301	4.86225954106902e-4
1618.13268608415	4.93962325196339e-4
1619.12944983819	4.72900363577216e-4
1620.12621359224	4.62119433837945e-4
1621.12297734629	3.91341726669764e-4
1622.11974110033	4.13900370434255e-4
1623.11650485438	4.44086973704214e-4
1624.11326860842	4.56436859978167e-4
1625.11003236247	4.39684258821864e-4
1626.10679611651	3.16649156747099e-4
1627.10355987056	3.59303092173645e-4
1628.1003236246	4.15095909290817e-4
1629.09708737865	3.81391952407599e-4
1630.09385113269	3.80458408212299e-4
1631.09061488674	3.76736277162651e-4
1632.08737864078	3.60652214107498e-4
1633.08414239483	3.19226943299282e-4
1634.08090614887	2.09077762552545e-4
1635.07766990292	2.41640386371187e-4
1636.07443365696	2.94789165412638e-4
1637.07119741101	3.02956171405069e-4
1638.06796116506	2.99881498426355e-4
1639.0647249191	2.99152731667444e-4
1640.06148867315	3.01637163800097e-4
1641.05825242719	2.7613032723819e-4
1642.05501618124	2.83282480347344e-4
1643.05177993528	2.32672339230531e-4
1644.04854368933	2.00350630042934e-4
1645.04530744337	1.73913260718616e-4
1646.04207119742	1.75298519847125e-4
1647.03883495146	2.17573014729775e-4
1648.03559870551	2.20247167134377e-4
1649.03236245955	1.88482573031072e-4
1650.0291262136	1.36405864097772e-4
1651.02588996765	1.11922914717807e-4
1652.02265372169	1.53381311287791e-4
1653.01941747574	1.78255746943205e-4
1654.01618122978	1.95911777965927e-4
1655.01294498383	2.05988032409391e-4
1656.00970873787	1.90828479250874e-4
1657.00647249192	1.80941945079358e-4
1658.00323624596	1.93550814581684e-4
1659.00000000001	2.08800710726843e-4
1661	3.40466579458801e-4
1662	3.39692641206569e-4
1663	4.41442935628494e-4
1664	4.60604683095248e-4
1665	4.87358252872814e-4
1666	4.78956355115114e-4
1667	4.43340138347974e-4
1668	3.49675541230503e-4
1669	3.74131387714475e-4
1670	4.6047820291395e-4
1671	4.55605704501061e-4
1672	5.80917449839203e-4
1673	5.78294491793699e-4
1674	3.1408040449358e-4
1675	3.64479745308228e-4
1676	6.24812095615632e-4
1677	6.43729917018453e-4
1678	6.36427192264897e-4
1679	5.7227162601757e-4
1680	6.36653049731502e-4
1681	6.55191430590427e-4
1682	5.33032655486089e-4
1683	2.97499455011896e-4
1684	4.10551657062728e-4
1685	5.77472370615257e-4
1686	7.12682695856467e-4
1687	6.71582659800162e-4
1688	7.20307643929047e-4
1689	7.21888646195281e-4
1690	7.65509251578895e-4
1691	8.21136439887224e-4
1692	7.97174468396894e-4
1693	8.02065035407111e-4
1694	7.09252673796962e-4
1695	4.32839271867293e-4
1696	6.10152440316534e-4
1697	7.90037372452181e-4
1698	6.38619515407408e-4
1699	4.32074367913725e-4
1700	5.32249682935192e-4
1701	7.43345105522741e-4
1702	8.55782975264406e-4
1703	7.45034519372945e-4
1704	7.46461938561887e-4
1705	7.06238229476009e-4
1706	8.15122608409759e-4
1707	9.2294696296691e-4
1708	9.15141328921047e-4
1709	8.77371937638941e-4
1710	8.9953006082932e-4
1711	9.36941091597746e-4
1712	9.27292460624387e-4
1713	8.57330851768872e-4
1714	7.21211073795466e-4
1715	7.7801272093014e-4
1716	6.14832207024586e-4
1717	6.16810718432044e-4
1718	7.5991702070576e-4
1719	9.45529698194506e-4
1720	9.40118153294654e-4
1721	9.46890865859911e-4
1722	9.09398526403508e-4
1723	9.09558132346575e-4
1724	9.28463908017844e-4
1725	9.45466458103857e-4
1726	9.24091307464375e-4
1727	9.35215540552885e-4
1728	9.11115043149704e-4
1729	7.32973730656246e-4
1730	8.67376991883455e-4
1731	8.7356247503554e-4
1732	7.39863889104138e-4
1733	5.35926642491519e-4
1734	6.52646769800013e-4
1735	8.56093152851877e-4
1736	8.31950495388264e-4
1737	8.28354844519915e-4
1738	8.36675433589637e-4
1739	6.01548776555333e-4
1740	8.38955088285902e-4
1741	8.56084118553213e-4
1742	7.90133738304599e-4
1743	7.72387364295235e-4
1744	8.67407106212336e-4
1745	8.5051899057607e-4
1746	8.09765269301892e-4
1747	7.98466373105874e-4
1748	7.72450604385884e-4
1749	8.85445589211842e-4
1750	6.21484462274321e-4
1751	8.85502806436715e-4
1752	0.00102318551807903
1753	0.00102740754698809
1754	0.00105393525929905
1755	0.00104456066871851
1756	9.7724912080449e-4
1757	0.00107947823305562
1758	0.00110344622741172
1759	0.00110145567027271
1760	0.00105138758707575
1761	8.61028891355415e-4
1762	0.0010777918306383
1763	0.00107836400288703
1764	0.00108982250502612
1765	0.00109372833348194
1766	0.00109021097986868
1767	7.65879657824127e-4
1768	9.9873569446083e-4
1769	9.59584055483104e-4
1770	8.59809261035749e-4
1771	7.65187028259873e-4
1772	7.52954587868554e-4
1773	9.86488196905072e-4
1774	9.00662359595232e-4
1775	9.14508928014553e-4
1776	9.64573999778626e-4
1777	9.17300526301789e-4
1778	9.09169657504015e-4
1779	8.35293185894015e-4
1780	8.00179878419183e-4
1781	8.74489996365063e-4
1782	9.10494687974763e-4
1783	8.82410064860673e-4
1784	8.05464943137736e-4
1785	8.42415224674288e-4
1786	8.41734640841585e-4
1787	8.22732499317898e-4
1788	8.1383070370078e-4
1789	7.48021860797905e-4
1790	6.6959511409404e-4
1791	6.92394672489576e-4
1792	5.77538622138795e-4
1793	7.07129613610876e-4
1794	7.66957750798055e-4
1795	6.97327399560226e-4
1796	7.19331939673314e-4
1797	7.38873127683965e-4
1798	6.2293296149348e-4
1799	6.31434236536486e-4
1800	6.40938318731218e-4
1801	6.28769118430549e-4
1802	6.15597110978154e-4
1803	6.63304230790873e-4
1804	6.51803568591354e-4
1805	6.95062802028402e-4
1806	6.58094451894521e-4
1807	6.43585368239826e-4
1808	6.43344453608781e-4
1809	5.54919749716542e-4
1810	5.30539189054771e-4
1811	5.91556842232735e-4
1812	5.72527597813055e-4
1813	5.84901575550112e-4
1814	5.54591503531743e-4
1815	5.62053834228367e-4
1816	5.63318636041354e-4
1817	5.42115137076491e-4
1818	5.52016728412448e-4
1819	5.3990775676954e-4
1820	4.86063336730946e-4
1821	4.96163682637515e-4
1822	4.7717358684538e-4
1823	4.57460747160109e-4
1824	4.15755413093303e-4
1825	3.71662012746262e-4
1826	4.1428282241104e-4
1827	4.1521636660634e-4
1828	3.96072687736913e-4
1829	3.20618225293568e-4
1830	3.53957798797331e-4
1831	3.77615615565966e-4
1832	3.65994496050925e-4
1833	3.25927381475226e-4
1834	3.24789059843537e-4
1835	3.38006238789253e-4
1836	2.92657070927889e-4
1837	2.96505682158835e-4
1838	3.01013797192268e-4
1839	2.65051265643001e-4
1840	2.7155596068122e-4
1841	2.3774660364692e-4
1842	2.30648656329752e-4
1843	1.91003142358382e-4
1844	1.91391617200942e-4
1845	2.06090421127585e-4
1846	2.07282948551259e-4
1847	1.86901570764838e-4
1848	1.69962260769475e-4
1849	1.91542188845345e-4
1850	1.76198938280657e-4
1851	1.61397745635819e-4
1852	1.65321642688967e-4
1853	1.55582668728967e-4
1854	1.45678065960122e-4
1855	1.51824400484662e-4
1856	1.3286140758852e-4
1857	1.39429342717388e-4
1858	1.19827926048976e-4
1859	1.27230028087839e-4
1860	1.26594615748457e-4
1861	1.21168013684165e-4
1862	1.06303580948678e-4
1863	1.10883970371425e-4
1864	8.2440986743655e-5
1865	8.65696612331915e-5
1866	9.21227434787825e-5
1867	6.19361402088235e-5
1868	6.25775754139812e-5
1869	6.64773810040248e-5
1870	8.48531444869947e-5
1871	7.00399061106052e-5
1872	6.57034427517922e-5
1873	6.56793512886877e-5
1874	7.70987048002285e-5
1875	6.46735327040742e-5
1876	7.77672429013788e-5
1877	7.11541362791891e-5
1878	6.97267170902465e-5
1879	6.26679184006232e-5
1880	6.91726134388426e-5
1881	5.02698492004615e-5
1882	6.33816279950945e-5
1883	5.35643567800041e-5
1884	5.86988498541541e-5
1885	4.59815687678575e-5
1886	4.02056404885497e-5
1887	3.74682479932991e-5
1888	4.04405322538188e-5
1889	3.73477906777765e-5
1890	3.8585489594771e-5
